city,beijing_time,local_time,store_id,store_name,item_id,item_name,price,original_price,stock,category
Toronto,2026-04-10 02:33,2026-04-09 16:30,616596d5f896c30ee4da1d57,Unknown,69d5363116ccd73445f20fa6,Veggie Box #11,5,5,1,Produce
Toronto,2026-04-10 02:33,2026-04-09 16:30,616596d5f896c30ee4da1d57,Unknown,69d5359d93a2dc0f3db7accd,Mixed Produce Box #9,5,5,1,Produce
Toronto,2026-04-10 02:33,2026-04-09 16:30,616596d5f896c30ee4da1d57,Unknown,69d53597ba51a01e093db30d,Veggie Box #8,5,5,1,Produce
Toronto,2026-04-10 02:33,2026-04-09 16:30,616596d5f896c30ee4da1d57,Unknown,69d5349ddd5d5c90784f7c19,Veggie Box #1,5,5,1,Produce
Toronto,2026-04-10 02:33,2026-04-09 16:30,63cef866290ecaebc6d392ff,Unknown,69aaebe77cb967fc85edcac9,Vetdiet Puppy - Chicken & Rice | Dog Food | Size: 2.72,17,33.99,1,Dog Supplies
Toronto,2026-04-10 02:33,2026-04-09 16:30,63cef866290ecaebc6d392ff,Unknown,69aaebd52f7e7a8f63872a15,Vetdiet Puppy SB - Chicken & Rice | Dog Food | Size: 2.72,17,33.99,1,Dog Supplies
Toronto,2026-04-10 02:33,2026-04-09 16:30,63cef866290ecaebc6d392ff,Unknown,69aaebbf22b46d4f4364f636,Vetdiet Adult - Mobility Formula | Dog Food | Size: 2.72,20,39.99,1,Dog Supplies
Toronto,2026-04-10 02:33,2026-04-09 16:30,63cef866290ecaebc6d392ff,Unknown,69aaebaadc93a73d935ac34a,Vetdiet Feline Adult - Indoor - Chicken & Rice | Cat Food | Size: 6.8,33.49,66.99,1, Cat Supplies 
Toronto,2026-04-10 02:33,2026-04-09 16:30,63cef866290ecaebc6d392ff,Unknown,69aaeb782f7e7a8f63870a06,Vetdiet Feline Adult - Active in Salmon & Peas | Cat Food | Size: 6.8,36.49,72.99,1,Cat Supplies
Toronto,2026-04-10 02:33,2026-04-09 16:30,63cef866290ecaebc6d392ff,Unknown,69aaeb2f22b46d4f4364bec5,Vetdiet Puppy Sb - Chicken & Rice | Dog Food | Size: 6.8,28.5,56.99,1, Dog Supplies 
Toronto,2026-04-10 02:33,2026-04-09 16:30,63cef866290ecaebc6d392ff,Unknown,699483bbfb8f36e2bccce0d0,Vetdiet Puppy - Chicken & Rice | Dog Food | Size: 2.72,17,33.99,3,Dog Supplies
Toronto,2026-04-10 02:33,2026-04-09 16:30,629cec56061cc26b59532732,Unknown,69d6dba5a0feed451407271e,CHUCK TENDER STEAK,7.24,14.49,2,Meat
Toronto,2026-04-10 02:33,2026-04-09 16:30,629cec56061cc26b59532732,Unknown,69d6db85210ea585afe369be,BONELESS COMBO CHOPS TP,2.97,5.94,4,Meat
Toronto,2026-04-10 02:33,2026-04-09 16:30,629cec56061cc26b59532732,Unknown,69d6a85722126c35f225d6af,OUTSIDE RND STK THIN SLICE CP,7.82,15.64,2,Meat
Toronto,2026-04-10 02:33,2026-04-09 16:30,629cec56061cc26b59532732,Unknown,69d6a8205eac9182ecdbe05e,inside round steak,6.5,13,6,Meat
Toronto,2026-04-10 02:33,2026-04-09 16:30,629cec56061cc26b59532732,Unknown,69d6a77fbf7488f5b4eb35ef,BONELESS COMBO CHOPS TP,3.14,6.29,1,Meat
Toronto,2026-04-10 02:33,2026-04-09 16:30,629cec56061cc26b59532732,Unknown,69d6a6d6a0feed4514ffbb84,BEEF STRIPS INSIDE ROUND,6.84,13.68,1,Meat
Toronto,2026-04-10 02:33,2026-04-09 16:30,5ccc4efc3b02ab30509a36b8,Unknown,69d7cd1c0ebf3d2efa054f15,nectarine 2lb,3.99,8,6,Produce
Toronto,2026-04-10 02:33,2026-04-09 16:30,5ccc4efc3b02ab30509a36b8,Unknown,69d5638d9ab091a4b627bb30,SCH CLASSIC SAUSAGE,5.25,10.5,1,Meat
Toronto,2026-04-10 02:33,2026-04-09 16:30,5fac3e05d7528a3c966b13b2,Unknown,69d69c39f894eba1ea76cdd3,Fruit Box #60,2,2,1,Produce
Toronto,2026-04-10 02:33,2026-04-09 16:30,5fac3e05d7528a3c966b13b2,Unknown,69d69c31a152b5f85e680618,Fruit Box #62,2,2,1,Produce
Toronto,2026-04-10 02:33,2026-04-09 16:30,5fac3e05d7528a3c966b13b2,Unknown,69d69bdc206ccee161048549,Fruit Box #59,1.5,1.5,1,Produce
Toronto,2026-04-10 02:33,2026-04-09 16:30,5fac3e05d7528a3c966b13b2,Unknown,69d69bce22126c35f223a510,Fruit Box #58,2,2,1,Produce
Toronto,2026-04-10 02:33,2026-04-09 16:30,5fac3e05d7528a3c966b13b2,Unknown,69d69bbba152b5f85e67f264,Fruit Box #57,2,2,1,Produce
Toronto,2026-04-10 02:33,2026-04-09 16:30,5fac3e05d7528a3c966b13b2,Unknown,69d69b8df894eba1ea76a6be,Fruit Box #56,1.5,1.5,1,Produce
Toronto,2026-04-10 02:33,2026-04-09 16:30,5fac3e05d7528a3c966b13b2,Unknown,69d69b8122126c35f2238fa2,Fruit Box #55,2,2,1,Produce
Toronto,2026-04-10 02:33,2026-04-09 16:30,5fac3e05d7528a3c966b13b2,Unknown,69d69b73a152b5f85e67ecf1,Mixed Produce Box #54,2,2,1,Produce
Toronto,2026-04-10 02:33,2026-04-09 16:30,5fac3e05d7528a3c966b13b2,Unknown,69d69b54f894eba1ea76a0a3,Fruit Box #53,1.5,1.5,1,Produce
Toronto,2026-04-10 02:33,2026-04-09 16:30,5fac3e05d7528a3c966b13b2,Unknown,69d69b48a152b5f85e67e6f7,Fruit Box #52,2,2,1,Produce
Toronto,2026-04-10 02:33,2026-04-09 16:30,5fac3e05d7528a3c966b13b2,Unknown,69d69b425eac9182ecd9b759,Fruit Box #51,2,2,1,Produce
Toronto,2026-04-10 02:33,2026-04-09 16:30,5fac3e05d7528a3c966b13b2,Unknown,69d69b19f894eba1ea769283,Fruit Box #50,2,2,1,Produce
Toronto,2026-04-10 02:33,2026-04-09 16:30,5fac3e05d7528a3c966b13b2,Unknown,69cd212b07c202dd83a860f5,Fruit Box #423,5,5,1,Produce
Toronto,2026-04-10 02:33,2026-04-09 16:30,5fac3e05d7528a3c966b13b2,Unknown,69cd20e007c202dd83a852d2,Fruit Box #420,5,5,1,Produce
Toronto,2026-04-10 02:33,2026-04-09 16:30,5fac3e05d7528a3c966b13b2,Unknown,69cd208e2487cfdf10bddd09,Fruit Box #417,5,5,1,Produce
Toronto,2026-04-10 02:33,2026-04-09 16:30,5fac3e05d7528a3c966b13b2,Unknown,69cd201a42f2d3c5e89b69c0,Fruit Box #416,5,5,1,Produce
Toronto,2026-04-10 02:33,2026-04-09 16:30,5fac3e05d7528a3c966b13b2,Unknown,69cd1ff207c202dd83a834a4,Fruit Box #414,5,5,1,Produce
Toronto,2026-04-10 02:33,2026-04-09 16:30,5fac3e05d7528a3c966b13b2,Unknown,69cd1f961ac0c5f874e9115c,Fruit Box #412,5,5,1,Produce
Toronto,2026-04-10 02:33,2026-04-09 16:30,5fac3e05d7528a3c966b13b2,Unknown,69cd1edd42f2d3c5e89b3ad6,Fruit Box #406,3.5,3.5,1,Produce
Toronto,2026-04-10 02:33,2026-04-09 16:30,5fac3e05d7528a3c966b13b2,Unknown,69cd1eac1ac0c5f874e8e07f,Fruit Box #405,4,4,1,Produce
Toronto,2026-04-10 02:33,2026-04-09 16:30,5fac3e05d7528a3c966b13b2,Unknown,69cd1e9542f2d3c5e89b30f8,Fruit Box #404,5,5,1,Produce
Toronto,2026-04-10 02:33,2026-04-09 16:30,5fac3e05d7528a3c966b13b2,Unknown,69cd1e812487cfdf10bd86bc,Fruit Box #403,5,5,1,Produce
Toronto,2026-04-10 02:33,2026-04-09 16:30,5fac3e05d7528a3c966b13b2,Unknown,69cd1e591ac0c5f874e8cbe3,Fruit Box #402,3.5,3.5,1,Produce
Toronto,2026-04-10 02:33,2026-04-09 16:30,5fac3e05d7528a3c966b13b2,Unknown,69cd1e4707c202dd83a7dde0,Fruit Box #401,4,4,1,Produce
Toronto,2026-04-10 02:33,2026-04-09 16:30,5fac3e05d7528a3c966b13b2,Unknown,69c530dd7c9dcdddeeb3b295,Fruit Box #8,5,5,1,Produce
Toronto,2026-04-10 02:33,2026-04-09 16:30,5fac3e05d7528a3c966b13b2,Unknown,69c53087d99018b36a5c6ad7,Fruit Box #5,4,4,1,Produce
Toronto,2026-04-10 02:33,2026-04-09 16:30,5fac3e05d7528a3c966b13b2,Unknown,69c2d308208978ccefaa2890,Fruit Box #523,1.5,1.5,1,Produce
Toronto,2026-04-10 02:33,2026-04-09 16:30,5fac3e05d7528a3c966b13b2,Unknown,69c2d2f6208978ccefaa26aa,Fruit Box #522,1.5,1.5,1,Produce
Toronto,2026-04-10 02:33,2026-04-09 16:30,5fac3e05d7528a3c966b13b2,Unknown,69c16f3d1f1341c77a161dc0,mastro hot casalingo o/f,7,10.99,4,Deli
Toronto,2026-04-10 02:33,2026-04-09 16:30,5fac3e05d7528a3c966b13b2,Unknown,69bbfd864edeb38b39044fd8,PC Spanish style chorizo 250g,4,6.99,7,Deli
Toronto,2026-04-10 02:33,2026-04-09 16:30,5fa2e7544d6a672e1136bfbf,Unknown,69d6c685a0feed451404a6e3,Fruit Box #10,5,5,1,Produce
Toronto,2026-04-10 02:33,2026-04-09 16:30,5fa2e7544d6a672e1136bfbf,Unknown,69d687a1210ea585afd56d35,NN COIL GARLIC SAUSAGE,5.25,10.5,4,Meat
Toronto,2026-04-10 02:33,2026-04-09 16:30,5fa2e7544d6a672e1136bfbf,Unknown,69d687835eac9182ecd63a8f,PILLER SAUSAGE POLISH,3.99,7.99,1,Meat
Toronto,2026-04-10 02:33,2026-04-09 16:30,5fa2e7544d6a672e1136bfbf,Unknown,69d67fbd210ea585afd3cbde,PC FF O/R TURKEY BRST PPK,4.24,8.49,4,Deli
Toronto,2026-04-10 02:33,2026-04-09 16:30,5fa2e7544d6a672e1136bfbf,Unknown,69d67f8d5eac9182ecd4bfd7,PC FF O/R CHICKEN PPK,4.24,8.49,4,Deli
Toronto,2026-04-10 02:33,2026-04-09 16:30,5fa2e7544d6a672e1136bfbf,Unknown,69d67e90ba33a65ef5c78af1,BOURSIN APPLE & MAPLE,3.74,7.49,1,Deli
Toronto,2026-04-10 02:33,2026-04-09 16:30,5fa2e7544d6a672e1136bfbf,Unknown,69d67e6a22126c35f21dc85f,ZIGGYS KOLBASSA SAUSAGE,3.5,7,1,Deli
Toronto,2026-04-10 02:33,2026-04-09 16:30,5fa2e7544d6a672e1136bfbf,Unknown,69d67d805eac9182ecd42efd,PC FF BF HAM PPK,4.24,8.49,4,Deli
Toronto,2026-04-10 02:33,2026-04-09 16:30,5fa2e7544d6a672e1136bfbf,Unknown,69d679b7ba33a65ef5c6c632,PC HERB GARLIC GOAT CRUMBLES,4,8,1,Deli
Toronto,2026-04-10 02:33,2026-04-09 16:30,6410dc9ed904cd2328a73d59,Unknown,69d6509db443b3445dba77d5,PC MIXED GREENS 340G,1.29,4,3,Produce
Toronto,2026-04-10 02:33,2026-04-09 16:30,5ccc4fa913ed23170c14dadd,Unknown,69d7d0050ebf3d2efa05da13,WOOL GOAT PARTY PACK CHEESE,5,13,2,Deli
Toronto,2026-04-10 02:33,2026-04-09 16:30,5ccc4fa913ed23170c14dadd,Unknown,69d7cfc9ca5c806c8b2c2506,Mixed Produce Box #108,5,5,1,Produce
Toronto,2026-04-10 02:33,2026-04-09 16:30,5ccc4fa913ed23170c14dadd,Unknown,69d7cf95e0e305fa09980022,Mixed Produce Box #104,5,5,1,Produce
Toronto,2026-04-10 02:33,2026-04-09 16:30,5ccc4fa913ed23170c14dadd,Unknown,69d7cf8aa8ff9e7e69fae0e1,Mixed Produce Box #103,5,5,1,Produce
Toronto,2026-04-10 02:33,2026-04-09 16:30,5ccc4fa913ed23170c14dadd,Unknown,69d7cf6eca5c806c8b2c0bc0,Mixed Produce Box #101,5,5,1,Produce
Toronto,2026-04-10 02:33,2026-04-09 16:30,5ccc4fa913ed23170c14dadd,Unknown,69d7a6020ebf3d2efafdef0f,PORK LOIN ROAST CENTER CUT B/I,5.81,11.63,1,Meat
Toronto,2026-04-10 02:33,2026-04-09 16:30,5ccc4fa913ed23170c14dadd,Unknown,69d7a5cfca208ab590d979a2,PORK LOIN ROAST CENTER CUT B/I,3.94,7.88,1,Meat
Toronto,2026-04-10 02:33,2026-04-09 16:30,5ccc4fa913ed23170c14dadd,Unknown,69d6a467a152b5f85e690275,ZIGGYS TORTELLINI BAC & CHS,2.87,5.74,20,HMR
Toronto,2026-04-10 02:33,2026-04-09 16:30,5ccc4fa913ed23170c14dadd,Unknown,69d66205a922da35020d6c76,PC ENGLISH MUFFINS ORIGINAL,1,3.29,6,Bakery
Toronto,2026-04-10 02:33,2026-04-09 16:30,5ccc4fa913ed23170c14dadd,Unknown,69d6482dffca8e3ab559253b,WONDER ROLLS HAMBRG WW 8'S,1,3.99,1,Bakery
Toronto,2026-04-10 02:33,2026-04-09 16:30,5ccc4fa913ed23170c14dadd,Unknown,69d56a44b443b3445da71ba4,MRCN MORTADELLA W PISTACHIO,2.2,5.49,8,Deli
Toronto,2026-04-10 02:33,2026-04-09 16:30,5ccc4fa913ed23170c14dadd,Unknown,69a350be2b0bd254a2e4babe,Spiced Chutney Powder,0.75,2.79,22,Centre of Store
Toronto,2026-04-10 02:33,2026-04-09 16:30,5fac3e09d7528a3c966b13cd,Unknown,69d7b94ca8ff9e7e69f63af7,ZIGGY'S POTATO GNOCCHI,2,3,4,HMR
Toronto,2026-04-10 02:33,2026-04-09 16:30,5fa2e792eb077d102ffccccd,Unknown,69d7d9460ebf3d2efa0795e3,OUTSIDE ROUND ROAST,17.7,35.4,1,Meat
Toronto,2026-04-10 02:33,2026-04-09 16:30,5fa2e792eb077d102ffccccd,Unknown,69d7d916a8ff9e7e69fcca6a,BEEF TOP BLADE BONELESS ROAST,12.76,25.52,1,Meat
Toronto,2026-04-10 02:33,2026-04-09 16:30,5fa2e792eb077d102ffccccd,Unknown,69d7d8a78624a0ffca88253f,BI COMBO CHOP TP,7.64,15.29,1,Meat
Toronto,2026-04-10 02:33,2026-04-09 16:30,5fa2e792eb077d102ffccccd,Unknown,69d7d89ce0e305fa0999b926,BI COMBO CHOP TP,7.6,15.21,1,Meat
Toronto,2026-04-10 02:33,2026-04-09 16:30,5fa2e792eb077d102ffccccd,Unknown,69d7d82e0ebf3d2efa075d21,PC WOF LARGE ITALIAN MEATBALLS,5,10,3,Meat
Toronto,2026-04-10 02:33,2026-04-09 16:30,5fa2e792eb077d102ffccccd,Unknown,69d7d80ea8ff9e7e69fc8982,PC WOF GREEK MEATBALLS,4.49,8.99,4,Meat
Toronto,2026-04-10 02:33,2026-04-09 16:30,5ccc4fa913ed23170c14db03,Unknown,69d7c8ddca5c806c8b2abf34,BACON RANCH PASTA SALAD,1.94,5.49,7,HMR
Toronto,2026-04-10 02:33,2026-04-09 16:30,5ccc4fa913ed23170c14db03,Unknown,69d53d06f7bdebc8c05706fc,PC ORGANICS MILK 1%,3.94,11.19,2,Grocery
Toronto,2026-04-10 02:33,2026-04-09 16:30,5ccc4fa913ed23170c14db03,Unknown,69d263f929c89b283df9e30e,BH GRN GOODNESS FRT JCE 1.54L,3.94,10.5,3,Produce
Toronto,2026-04-10 02:33,2026-04-09 16:30,5ccc4fa913ed23170c14db03,Unknown,69cfe9d2c8f35b5aa558342c,SCH LM 2 CHEESE PIZZA KIT 12X1,2.25,4.5,3,Meat
Toronto,2026-04-10 02:33,2026-04-09 16:30,5ccc4fa913ed23170c14db03,Unknown,69cfe9ca7957984f44301f24,LC NACHO CDN 131G,2.25,4.5,9,Meat
Toronto,2026-04-10 02:33,2026-04-09 16:30,5ccc4fa913ed23170c14db03,Unknown,69cfe9a1c49b7dbf9dcefb42,GRNFLD CDN TURK LK RWA,2.25,4.5,2,Meat
Toronto,2026-04-10 02:33,2026-04-09 16:30,5ccc4fa913ed23170c14db03,Unknown,69cfe942c8f35b5aa5581f06,ZABIHA HALAL JCY SUPREME HOT DOG,4.5,9,3,Meat
Toronto,2026-04-10 02:33,2026-04-09 16:30,5ccc4fa913ed23170c14db03,Unknown,69cfe8ba2267a41c4a43152f,VEAL LIVER SLICE GF,5.1,10.21,1,Meat
Toronto,2026-04-10 02:33,2026-04-09 16:30,5ccc4fa913ed23170c14db03,Unknown,69cfe88ec8f35b5aa55810d1,VEAL LIVER SLICE GF,4.96,9.92,1,Meat
Toronto,2026-04-10 02:33,2026-04-09 16:30,5ccc4fa913ed23170c14db03,Unknown,69c969000e93f5defcf18ab3,NSTL CERELAC SAVOURY VEGE,3,6,1,HABA
Toronto,2026-04-10 02:33,2026-04-09 16:30,5ccc4fa913ed23170c14db03,Unknown,69c968e8ee14d31d6fe15841,GRBR LENTR PSTA STR SCE,1.99,3.99,1,HABA
Toronto,2026-04-10 02:33,2026-04-09 16:30,5ccc4fa913ed23170c14db03,Unknown,69c968d046f253c9c61f33e4,BG KIDS SQUOOSH ORNGBAN,2.99,5.99,1,HABA
Toronto,2026-04-10 02:33,2026-04-09 16:30,5ccc4fa913ed23170c14db03,Unknown,69b1a5987fa7e99d5ce6ba8a,Pizza Pepperoni Lunch Kit,2.25,4.5,1,Meat
Toronto,2026-04-10 02:33,2026-04-09 16:30,5ccc4fa913ed23170c14db03,Unknown,69b1a578ec6b9d761ef1a720,Lunch Mate Nachos with Cheese & Salsa,2.25,4.5,11,Ready Made Meals
Toronto,2026-04-10 02:33,2026-04-09 16:30,5ccc4fa913ed23170c14db03,Unknown,69b198fe310c5515dd3e7545,Thick Cut Fully Cooked Bacon,9.5,19,6,Meat
Toronto,2026-04-10 02:33,2026-04-09 16:30,5fa2e7584d6a672e1136bfdd,Unknown,69d7e698a8ff9e7e69ff7eeb,PC TEA 20 CT HERBAL CAMOMILE,1.5,3,6,Grocery
Toronto,2026-04-10 02:33,2026-04-09 16:30,5fa2e7584d6a672e1136bfdd,Unknown,69d54683ba51a01e09413789,AL RIFAI COFFEE GRND LRG,4.74,9.49,8,Grocery
Toronto,2026-04-10 02:33,2026-04-09 16:30,5fa2e7584d6a672e1136bfdd,Unknown,69c6c4b82f30326c3513d855,BLLNS-BUBBLEGUM PINK 12IN,0.63,1.25,7,Home & Ent.
Toronto,2026-04-10 02:33,2026-04-09 16:30,5fa2e7584d6a672e1136bfdd,Unknown,69c28f55ca54120c7ae78b5d,Ovulation Thermometer,4.35,8.7,6,Centre of Store
Toronto,2026-04-10 02:33,2026-04-09 16:30,5fa2e7584d6a672e1136bfdd,Unknown,69c28cda95e95b13ad90e020,Naturally Endless Personal Lubricant,5.99,11.99,3,Centre of Store
Toronto,2026-04-10 02:33,2026-04-09 16:30,5fa2e7584d6a672e1136bfdd,Unknown,69c28c38d3e8c7dbfd77ed3e,Invisible Extra Large Ultra-Thin Latex Condoms,6,11.99,3,Centre of Store
Toronto,2026-04-10 02:33,2026-04-09 16:30,5fa2e7584d6a672e1136bfdd,Unknown,69c28bdf95e95b13ad90a6c2,Invisible Ultimate Thin Extra Lubricated Condoms,6,11.99,6,Centre of Store
Toronto,2026-04-10 02:33,2026-04-09 16:30,5fa2e7584d6a672e1136bfdd,Unknown,69c28b3e95e95b13ad907efb,Invisible Ultimate Thin Latex Condoms,6.5,12.99,2,Centre of Store
Toronto,2026-04-10 02:33,2026-04-09 16:30,5fa2e7584d6a672e1136bfdd,Unknown,69b44dab50c8db600e86a844,Warming Clay Mask,2,4,8,Centre of Store
Toronto,2026-04-10 02:33,2026-04-09 16:30,5fa2e7584d6a672e1136bfdd,Unknown,69b44d320031e68b588a13cb,Replenishing Clay Face Mask - Rosewater & Vitamin E,2,4,14,Centre of Store
Toronto,2026-04-10 02:33,2026-04-09 16:30,5fa2e7584d6a672e1136bfdd,Unknown,69b44a012edc71a8ccddbd13,SkinActive Moisture Bomb Brightening Eye Sheet Mask,2.24,4.49,11,Centre of Store
Toronto,2026-04-10 02:33,2026-04-09 16:30,5fa2e7584d6a672e1136bfdd,Unknown,69b4450bc903dadb7477afdf,"Medicated Intensive Eczema Relief Cream, 1% Hydrocortisone",8.24,16.49,4,Centre of Store
Toronto,2026-04-10 02:33,2026-04-09 16:30,5fa2e7584d6a672e1136bfdd,Unknown,69b2fd8fef0bf35ab14c0c64,Intensive Eczema Relief Cream 28g,5.2,10.39,1,Pharmacy
Toronto,2026-04-10 02:33,2026-04-09 16:30,61548ce3e7112f0e5b073164,Unknown,69d6a079210ea585afd9a6a5,Mixed Produce Box #888,5,5,1,Produce
Toronto,2026-04-10 02:33,2026-04-09 16:30,61548ce3e7112f0e5b073164,Unknown,69d6a057f894eba1ea77a06a,Mixed Produce Box #666,5,5,1,Produce
Toronto,2026-04-10 02:33,2026-04-09 16:30,61548ce3e7112f0e5b073164,Unknown,69d6a03ef894eba1ea779d15,Mixed Produce Box #698,5,5,1,Produce
Toronto,2026-04-10 02:33,2026-04-09 16:30,61548ce3e7112f0e5b073164,Unknown,69d68397bf7488f5b4e4505e,Veggie Box #316,3,3,1,Produce
Toronto,2026-04-10 02:33,2026-04-09 16:30,61548ce3e7112f0e5b073164,Unknown,69d6832f22126c35f21efabe,Veggie Box #315,3,3,1,Produce
Toronto,2026-04-10 02:33,2026-04-09 16:30,61548ce3e7112f0e5b073164,Unknown,69d67faef894eba1ea7104dd,Mixed Produce Box #306,3,3,1,Produce
Toronto,2026-04-10 02:33,2026-04-09 16:30,61548ce3e7112f0e5b073164,Unknown,69d67f8a210ea585afd3c009,Veggie Box #305,3,3,1,Produce
Toronto,2026-04-10 02:33,2026-04-09 16:30,61548ce3e7112f0e5b073164,Unknown,69d67e88210ea585afd385c9,Veggie Box #301,3,3,1,Produce
Toronto,2026-04-10 02:33,2026-04-09 16:30,61548ce3e7112f0e5b073164,Unknown,69d65b5d1d04244f1cbf9ef1,TWO-BITE DAISY BROWNIE PP,3,8,2,Bakery
Toronto,2026-04-10 02:33,2026-04-09 16:30,61548ce3e7112f0e5b073164,Unknown,69d65a41b443b3445dbcb990,WONDER ROLLS HAMBURGER 8S,1,2.5,1,Bakery
Toronto,2026-04-10 02:33,2026-04-09 16:30,61548ce3e7112f0e5b073164,Unknown,69d65a34e9dc8130abdfe8ad,NN BREAD CRACKED WHEAT,1,2.48,3,Bakery
Toronto,2026-04-10 02:33,2026-04-09 16:30,61548ce3e7112f0e5b073164,Unknown,69d5355051ba260414be6bfb,NN BAGEL PLAIN 6PK,1,2.49,1,Bakery
Toronto,2026-04-10 02:33,2026-04-09 16:30,61548ce3e7112f0e5b073164,Unknown,69d535260ac2bcd40bc24a38,LB WHITE BAGUETTE,1,3,3,Bakery
Toronto,2026-04-10 02:33,2026-04-09 16:30,61548ce3e7112f0e5b073164,Unknown,69d5350ef7bdebc8c0552011,NN BREAD 100% WHOLE WHEAT,1,2.48,1,Bakery
Toronto,2026-04-10 02:33,2026-04-09 16:30,61548ce3e7112f0e5b073164,Unknown,69d534dfdd5d5c90784f852b,FM BANANA CHOCOLATE CAKE,2.5,6,2,Bakery
Toronto,2026-04-10 02:33,2026-04-09 16:30,61548ce3e7112f0e5b073164,Unknown,69d53477ba51a01e093d7c6f,LEMON PACZKI DONUTS,2,5,3,Bakery
Toronto,2026-04-10 02:33,2026-04-09 16:30,61548ce3e7112f0e5b073164,Unknown,69d41aba12ff2a5876c122fd,BI COMBO CHOP CP,8.4,16.81,2,Meat
Toronto,2026-04-10 02:33,2026-04-09 16:30,61548ce3e7112f0e5b073164,Unknown,69d41a8b81c54f1c0282d269,PORK GROUND LEAN CP,6.43,12.87,1,Meat
Toronto,2026-04-10 02:33,2026-04-09 16:30,61548ce3e7112f0e5b073164,Unknown,69d4198e2ad32179d5f644b2,salmon portion whisky bbq,5,10,4,Meat
Toronto,2026-04-10 02:33,2026-04-09 16:30,61548ce3e7112f0e5b073164,Unknown,69d408049016434e7dfde537,FM TS 12PK SHORTBREAD COOKIES,3,6.25,2,Bakery
Toronto,2026-04-10 02:33,2026-04-09 16:30,61548ce3e7112f0e5b073164,Unknown,69d407cf9016434e7dfdda10,PC NAAN ROUNDS GARLIC,2.34,4.69,1,Bakery
Toronto,2026-04-10 02:33,2026-04-09 16:30,61548ce3e7112f0e5b073164,Unknown,69d407c0eb2a2f721fbac3ae,D'ITALIANO BUNS BRIZ SAUS,1.5,3.99,2,Bakery
Toronto,2026-04-10 02:33,2026-04-09 16:30,61548ce3e7112f0e5b073164,Unknown,69d407b1cda83383da59605c,D'ITALIANO BUNS GLAZED HAM,2,5,3,Bakery
Toronto,2026-04-10 02:33,2026-04-09 16:30,61548ce3e7112f0e5b073164,Unknown,69d407969016434e7dfdc811,SIMPLE JOY SLICED LOAF TRIO,3.75,7.5,1,Bakery
Toronto,2026-04-10 02:33,2026-04-09 16:30,61548ce3e7112f0e5b073164,Unknown,69d4077e81c54f1c027fa4f5,PC FLATBREAD OVAL,1.89,3.79,5,Bakery
Toronto,2026-04-10 02:33,2026-04-09 16:30,61548ce3e7112f0e5b073164,Unknown,69d4049281c54f1c027f218d,FM MINI CROISSANT,1,5,1,Bakery
Toronto,2026-04-10 02:33,2026-04-09 16:30,61548ce3e7112f0e5b073164,Unknown,69d4042a81c54f1c027f0c32,PC GIGANTICO BUNS SAUSAGE,1.5,4,7,Bakery
Toronto,2026-04-10 02:33,2026-04-09 16:30,61548ce3e7112f0e5b073164,Unknown,69d403fa2ad32179d5f2694d,BLUEBERRY PACZKI DONUTS,1.97,3.94,2,Bakery
Toronto,2026-04-10 02:33,2026-04-09 16:30,61548ce3e7112f0e5b073164,Unknown,69d403f7eb2a2f721fba301f,PACZKI BOSTON CREAM,2,5,1,Bakery
Toronto,2026-04-10 02:33,2026-04-09 16:30,61548ce3e7112f0e5b073164,Unknown,69d403b22ad32179d5f25b18,FM MUFFIN BANANA NUT 4PK,2,5,1,Bakery
Toronto,2026-04-10 02:33,2026-04-09 16:30,61548ce3e7112f0e5b073164,Unknown,69d403767957984f44925572,PC BM ENGLISH MUFFINS MULTIGRN,1.5,3.25,7,Bakery
Toronto,2026-04-10 02:33,2026-04-09 16:30,61548ce3e7112f0e5b073164,Unknown,69137289003600a5dda5bcf4,Paraffin Wax,5.49,10.99,1,Other
Toronto,2026-04-10 02:33,2026-04-09 16:30,61548ce3e7112f0e5b073164,Unknown,68c9d1e6b8c5cc3d31ce57cc,Pink Frosting Tube,0.25,2.79,13,Centre of Store
Toronto,2026-04-10 02:33,2026-04-09 16:30,5f2cdb2b9108010bf40533ee,Unknown,69d66c7cbf7488f5b4df5e36,Fruit Box #100,5,5,1,Produce
Toronto,2026-04-10 02:33,2026-04-09 16:30,5f2cdb2b9108010bf40533ee,Unknown,69d66c0a210ea585afcf8a13,Fruit Box #10,5,5,1,Produce
Toronto,2026-04-10 02:33,2026-04-09 16:30,5f2cdb2b9108010bf40533ee,Unknown,69d522ae12ff2a5876dade72,CHARRAS NATURAL JALAPENO,1.89,4,7,Grocery
Toronto,2026-04-10 02:33,2026-04-09 16:30,620d1d6410da110df3ef147b,Unknown,69d682b7aa32064c732995d6,crest,2.5,5,1,HBA
Toronto,2026-04-10 02:33,2026-04-09 16:30,620d1d6410da110df3ef147b,Unknown,69d1405d81c54f1c023ea524,GRBR LENTR PSTA STR SCE,1.25,2.5,11,HABA
Toronto,2026-04-10 02:33,2026-04-09 16:30,620d1d6410da110df3ef147b,Unknown,69d140538aa633bf6a6596a1,BG ST2 SQUASH FRUIT MDLY POUCH,0.82,1.64,16,HABA
Toronto,2026-04-10 02:33,2026-04-09 16:30,620d1d6410da110df3ef147b,Unknown,69d1400029c89b283de452a4,GRBR BL OAT YOGURT RSPBRRY,2.22,4.44,27,HABA
Toronto,2026-04-10 02:33,2026-04-09 16:30,620d1d6410da110df3ef147b,Unknown,69cc0f7f46f253c9c66cf0bf,love child,1,2,6,Baby
Toronto,2026-04-10 02:33,2026-04-09 16:30,620d1d6410da110df3ef147b,Unknown,69c803ed3090f65b97095408,cetaphil,9.24,18.49,10,HBA
Toronto,2026-04-10 02:33,2026-04-09 16:30,620d1d6410da110df3ef147b,Unknown,69a06b93da60c9dfbda4bb30,Cherry Flavour Candy Canes,1.5,3,24,Centre of Store
Toronto,2026-04-10 02:33,2026-04-09 16:30,620d1d6410da110df3ef147b,Unknown,69874fdaccafe934a2740a86,apki Pasand cake rusk original,2.25,4.5,36,Bakery
Toronto,2026-04-10 02:33,2026-04-09 16:30,620d1d6410da110df3ef147b,Unknown,6978f5b91097b0382047f51a,L'Oreal Paris feria vegan natural soft black,8.85,17.69,1,HBA
Toronto,2026-04-10 02:33,2026-04-09 16:30,620d1d6410da110df3ef147b,Unknown,6973d821c889febbe756096a,Yardley London English Rose,9.49,18.99,12,HBA
Toronto,2026-04-10 02:33,2026-04-09 16:30,620d1d6410da110df3ef147b,Unknown,69668177713f3fcc8d773932,Everyday Detox Lemon Organic Wrapped Tea Bags,7.49,14.99,1,Centre of Store
Toronto,2026-04-10 02:33,2026-04-09 16:30,620d1d6410da110df3ef147b,Unknown,695e91f82ccab9bc554f3afd,Dry Shampoo Gift Pack,5.22,10.44,48,Centre of Store
Toronto,2026-04-10 02:33,2026-04-09 16:30,620d1d6410da110df3ef147b,Unknown,6925efb62ccdb46e8e5528e8,"Ultra Sport™ Sunscreen Spray, SPF 30",6.5,13,11,Centre of Store
Toronto,2026-04-10 02:33,2026-04-09 16:30,620d1d6410da110df3ef147b,Unknown,6925ee9069a3e2ddc8dc9e9d,"Ultra Sport™ Sunscreen Lotion, SPF 30",6.5,13,57,Centre of Store
Toronto,2026-04-10 02:33,2026-04-09 16:30,5fa2e792eb077d102ffcccd1,Unknown,69ca902e2487cfdf107f0ef1,Friskies,0.5,1,2,Grocery
Toronto,2026-04-10 02:33,2026-04-09 16:30,5fa2e792eb077d102ffcccd1,Unknown,69ca8fe3827a365ed0c19769,FNCY FST BROTHS CHICKEN VEGI,0.57,1.14,9,Grocery
Toronto,2026-04-10 02:33,2026-04-09 16:30,5fa2e792eb077d102ffcccd1,Unknown,69ca8fa2827a365ed0c18af6,No Name Club Size,6,12,1,Frozen
Toronto,2026-04-10 02:33,2026-04-09 16:30,5fa2e792eb077d102ffcccd1,Unknown,69c55d3f102530a8dbaa7ea0,PURI BEYOND SUPRFOOD BL SALMON,4.97,9.94,5,Grocery
Toronto,2026-04-10 02:33,2026-04-09 16:30,5fa2e792eb077d102ffcccce,Unknown,69d7f0f3a8ff9e7e69011959,Mixed Produce Box #403,5,5,1,Produce
Toronto,2026-04-10 02:33,2026-04-09 16:30,5fa2e792eb077d102ffcccce,Unknown,69d7f0d10ebf3d2efa0bb86a,Mixed Produce Box #402,5,5,1,Produce
Toronto,2026-04-10 02:33,2026-04-09 16:30,5fa2e792eb077d102ffcccce,Unknown,69d7f095a45c301e692dd538,Veggie Box #401,6,6,1,Produce
Toronto,2026-04-10 02:33,2026-04-09 16:30,5fa2e792eb077d102ffcccce,Unknown,69d7dc0ae0e305fa099a6d3c,SBUX HOT CHOC SLTCAR,6.49,12.99,4,Grocery
Toronto,2026-04-10 02:33,2026-04-09 16:30,5fa2e792eb077d102ffcccce,Unknown,69d7db90ca5c806c8b2eb3c4,KNORR CLASSIC GRAVY DEMI GLACE,0.57,1.14,9,Grocery
Toronto,2026-04-10 02:33,2026-04-09 16:30,5fa2e792eb077d102ffcccce,Unknown,69d7db66e0e305fa099a494d,KNORR PESTO SAUCE,0.97,1.94,5,Grocery
Toronto,2026-04-10 02:33,2026-04-09 16:30,5fa2e792eb077d102ffcccce,Unknown,69d7da8c8624a0ffca887df3,SBUX HOT CHOC COCOA,6.49,12.99,1,Grocery
Toronto,2026-04-10 02:33,2026-04-09 16:30,5fa2e792eb077d102ffcccce,Unknown,69d7d9fbca5c806c8b2e6355,CLUB HOUSE ORG CRUSHED RD PPR,1.14,2.29,1,Grocery
Toronto,2026-04-10 02:33,2026-04-09 16:30,5fa2e792eb077d102ffcccce,Unknown,69d7d9dca8ff9e7e69fce9bf,SMSW HALLOWEN LOLLIPOPS,5.24,10.49,8,Grocery
Toronto,2026-04-10 02:33,2026-04-09 16:30,5fa2e792eb077d102ffcccce,Unknown,69d7d95a8624a0ffca884826,TH NESPRESSO BRIGHT ESPRESSO,2.22,4.44,2,Grocery
Toronto,2026-04-10 02:33,2026-04-09 16:30,5fa2e792eb077d102ffcccce,Unknown,69d7d55fca5c806c8b2d5f88,NN CALROSE RICE,11.47,22.94,5,Grocery
Toronto,2026-04-10 02:33,2026-04-09 16:30,5fa2e792eb077d102ffcccce,Unknown,69d7d5378624a0ffca877bde,Glade plugins scented oil,4.49,8.99,1,Centre Of Store
Toronto,2026-04-10 02:33,2026-04-09 16:30,5fa2e792eb077d102ffcccce,Unknown,69d7d4bb8624a0ffca87646f,nn cat food,4,8,4,Centre Of Store
Toronto,2026-04-10 02:33,2026-04-09 16:30,5fa2e792eb077d102ffcccce,Unknown,69d66da3f894eba1ea6cd6a9,NN PEAMEAL SLCD CURD PORK LOIN,3,6.49,1,Meat
Toronto,2026-04-10 02:33,2026-04-09 16:30,5fa2e792eb077d102ffcccce,Unknown,69d52ed80ac2bcd40bc0ce86,CHINOIS BRIOCHE W VANILLA CR,5,6.5,1,Bakery
Toronto,2026-04-10 02:33,2026-04-09 16:30,5fa2e792eb077d102ffcccce,Unknown,69d45bf812ff2a5876c9ebec,PC PLANT BASED MARGARINE,1.64,3.29,13,Grocery
Toronto,2026-04-10 02:33,2026-04-09 16:30,5fa2e792eb077d102ffcccce,Unknown,69d1b4d681c54f1c024efdc8,QUE PASA SALTED ROUND,2.49,4.99,2,Grocery
Toronto,2026-04-10 02:33,2026-04-09 16:30,5fa2e792eb077d102ffcccce,Unknown,69cf0ed67957984f44204abf,DEVON VANILLA CREAM,0.99,1.99,9,Grocery
Toronto,2026-04-10 02:33,2026-04-09 16:30,5fa2e792eb077d102ffcccce,Unknown,69cbcf49ce568dd1d3d39863,Zeus Duo Coconut Scented Dog Toy,9.49,18.99,3,Centre Of Store
Toronto,2026-04-10 02:33,2026-04-09 16:30,5fa2e792eb077d102ffcccce,Unknown,69aaf462dc93a73d935e2e4f,Cinnamon Hearts,0.5,1.5,2,Candy & Chocolate
Toronto,2026-04-10 02:33,2026-04-09 16:30,642b2e8f56ef3d2529118223,Unknown,69af09013ae3ffef1cf176bd,Pumpkin Dog Treat,1.4,2.79,2, Dog Supplies
Toronto,2026-04-10 02:33,2026-04-09 16:30,642b2e8f56ef3d2529118223,Unknown,69af08af9df0963663258749,Spider Dog Treat,1.39,2.79,1, Dog Supplies
Toronto,2026-04-10 02:33,2026-04-09 16:30,642b2e8f56ef3d2529118223,Unknown,69af08813ae3ffef1cf14e8f,Squash Dog Treat,1.4,2.79,2, Dog Supplies
Toronto,2026-04-10 02:33,2026-04-09 16:30,642b2e8f56ef3d2529118223,Unknown,69af081b0c558c50bf3b9cc1,Ren's Pets Heart Treat,2.24,4.49,1, Dog Supplies
Toronto,2026-04-10 02:33,2026-04-09 16:30,642b2e8f56ef3d2529118223,Unknown,69af07bf2322ade0d166a425,Bosco & Roxy's Tree - Small - Dog Biscuit,0.87,1.75,1, Dog Supplies
Toronto,2026-04-10 02:33,2026-04-09 16:30,642b2e8f56ef3d2529118223,Unknown,69af07812322ade0d166915a,Vetdiet Oven Baked - Calming Biscuits | Size: 454 g - Dog Biscuit,4.49,8.99,1,Dog Supplies
Toronto,2026-04-10 02:33,2026-04-09 16:30,642b2e8f56ef3d2529118223,Unknown,69af075d2322ade0d16689f4,Petstory Charcoal Flavored Biscuits - 454 g | Dog Toy | Size: 455,2.39,4.79,2,Dog Supplies
Toronto,2026-04-10 02:33,2026-04-09 16:30,642b2e8f56ef3d2529118223,Unknown,69ab08302f7e7a8f63922578,Petstory Charcoal Flavored Biscuits - 454 g | Dog Toy | Size: 455,2.39,4.79,2,Dog Supplies
Detroit,2026-04-10 02:34,2026-04-09 16:30,5f766f081673e04ebe6374dd,Unknown,69d7bd8cca5c806c8b28883b,Veggie Bundle #30,5,5,1,Produce
Detroit,2026-04-10 02:34,2026-04-09 16:30,5f766f081673e04ebe6374dd,Unknown,69d7bd83ca5c806c8b2883cc,Veggie Bundle #25,5,5,1,Produce
Detroit,2026-04-10 02:34,2026-04-09 16:30,5f766f081673e04ebe6374dd,Unknown,69d7bd3d8624a0ffca820b26,Veggie Bundle #29,5,5,1,Produce
Detroit,2026-04-10 02:34,2026-04-09 16:30,5f766f081673e04ebe6374dd,Unknown,69d7bd23e0e305fa099425c9,Veggie Bundle #31,5,5,1,Produce
Detroit,2026-04-10 02:34,2026-04-09 16:30,5f766f081673e04ebe6374dd,Unknown,69d7bd1dca5c806c8b2876f8,Fruit Bundle #32,5,5,1,Produce
Detroit,2026-04-10 02:34,2026-04-09 16:30,5f766f081673e04ebe6374dd,Unknown,69d7bd140ebf3d2efa023fe4,Fruit Bundle #33,5,5,1,Produce
Detroit,2026-04-10 02:34,2026-04-09 16:30,5f766f081673e04ebe6374dd,Unknown,69d7bcd3e0e305fa099418e8,Fruit Bundle #36,5,5,1,Produce
Detroit,2026-04-10 02:34,2026-04-09 16:30,5f766f081673e04ebe6374dd,Unknown,69d7b6c7a8ff9e7e69f5baf7,CM PIZZA MEGA MEAT 34.7 OZ,4.69,9.39,1,Deli
Detroit,2026-04-10 02:34,2026-04-09 16:30,5f766f081673e04ebe6374dd,Unknown,69d7b6bcca5c806c8b2709d7,CM PIZZA CHEESE LOVERS 33 OZ,4.49,8.99,1,Deli
Detroit,2026-04-10 02:34,2026-04-09 16:30,5f766f081673e04ebe6374dd,Unknown,69d7b6848624a0ffca808d7e,CM PINWHEELS CHICKEN BACON RANCH 6.5 OZ,2.5,4.99,1,Deli
Detroit,2026-04-10 02:34,2026-04-09 16:30,5f766f081673e04ebe6374dd,Unknown,69d7b661e0e305fa0992c892,FFM FLATBREAD LAVASH ITALIAN HERB 10 OZ 5CT,1.5,2.99,2,Deli
Detroit,2026-04-10 02:34,2026-04-09 16:30,5f766f081673e04ebe6374dd,Unknown,69d7b6408624a0ffca807cbf,CM SLIDERS PRETZEL TURKEY PROVOLONE 6 OZ,2.49,4.99,3,Deli
Detroit,2026-04-10 02:34,2026-04-09 16:30,5f766f081673e04ebe6374dd,Unknown,69d7b610e0e305fa0992b258,LA TERRA FINA DIP 3 CHEESE SRIRACHA 10 OZ,2.75,5.49,2,Deli
Detroit,2026-04-10 02:34,2026-04-09 16:30,5f766f081673e04ebe6374dd,Unknown,69d7b5888624a0ffca804bda,FFM PIE APPLE 8,3.14,6.29,2,Bakery
Detroit,2026-04-10 02:34,2026-04-09 16:30,5f766f081673e04ebe6374dd,Unknown,69d7b577ca208ab590dcdc44,FFM PIE BLUEBERRY 8,3.14,6.29,1,Bakery
Detroit,2026-04-10 02:34,2026-04-09 16:30,5f766f081673e04ebe6374dd,Unknown,69d7b550a8ff9e7e69f56998,FFM PIE CARAMEL APPLE 10,4.99,9.99,1,Bakery
Detroit,2026-04-10 02:34,2026-04-09 16:30,5f766f081673e04ebe6374dd,Unknown,69d7b5410ebf3d2efa00b981,TG YOGURT PARFAIT GREEK ACAI 8.5 OZ,2.25,4.49,2,Produce
Detroit,2026-04-10 02:34,2026-04-09 16:30,5f766f081673e04ebe6374dd,Unknown,69d7b516ca5c806c8b26afff,FFM FRUIT SALAD 30 OZ,4.49,8.99,1,Produce
Detroit,2026-04-10 02:34,2026-04-09 16:30,5f766f081673e04ebe6374dd,Unknown,69d7b510e0e305fa09927a9d,FFM FRUIT PALOOZA 28 OZ,5.5,10.99,1,Produce
Detroit,2026-04-10 02:34,2026-04-09 16:30,5f766f081673e04ebe6374dd,Unknown,69d7b4bba8ff9e7e69f5527e,FFM HONEYDEW CHUNKS 10 OZ,1.8,3.59,1,Produce
Detroit,2026-04-10 02:34,2026-04-09 16:30,5f766f081673e04ebe6374dd,Unknown,69d7b48da8ff9e7e69f5490e,FFM STRAWBERRIES & PINEAPPLE 10 OZ,2.64,5.29,1,Produce
Detroit,2026-04-10 02:34,2026-04-09 16:30,5f766f081673e04ebe6374dd,Unknown,69d7b47e8624a0ffca800c00,FFM PARADISE FRUIT MIX 10 OZ,2.15,4.29,2,Produce
Detroit,2026-04-10 02:34,2026-04-09 16:30,5f766f081673e04ebe6374dd,Unknown,69d7b444ca5c806c8b2687a1,FFM SALAD HAM 12 OZ,3.09,6.19,2,Deli
Detroit,2026-04-10 02:34,2026-04-09 16:30,5f766f081673e04ebe6374dd,Unknown,69d7b433ca208ab590dc8e34,FFM FLUFF MICHIGAN CHERRY CAKE 12 OZ,2.74,5.49,2,Deli
Detroit,2026-04-10 02:34,2026-04-09 16:30,5f766f081673e04ebe6374dd,Unknown,69d7b4240ebf3d2efa00869d,FFM FLUFF PEPPERMINT CHOCOLATE 13 OZ,2.74,5.49,2,Deli
Detroit,2026-04-10 02:34,2026-04-09 16:30,5f766f081673e04ebe6374dd,Unknown,69d7b3c88624a0ffca7fe26d,BREAD ITALIAN CLASSIC,0.59,1.19,2,Bakery
Detroit,2026-04-10 02:34,2026-04-09 16:30,5f766f081673e04ebe6374dd,Unknown,69d7b3a28624a0ffca7fde31,FFM BREAD SANDWICH MARBLE RYE SWIRL 21.1 OZ,2.09,4.19,1,Bakery
Detroit,2026-04-10 02:34,2026-04-09 16:30,5f766f081673e04ebe6374dd,Unknown,69d7b3100ebf3d2efa0047df,FFM FP CHCKN WINGS ALL NTL RW1280,6.34,12.68,1,Meat
Detroit,2026-04-10 02:34,2026-04-09 16:30,5f766f081673e04ebe6374dd,Unknown,69d666a6bf7488f5b4de255c,FREDERIKS BY MEIJER PASTA PESTO 12 OZ,3.24,6.49,1,Deli
Detroit,2026-04-10 02:34,2026-04-09 16:30,5f766f081673e04ebe6374dd,Unknown,69d66677210ea585afce4c8a,FREDERIKS BY MEIJER SALAD SESAME PRTN NOODLE 12 OZ,3.24,6.49,1,Deli
Detroit,2026-04-10 02:34,2026-04-09 16:30,5f766f081673e04ebe6374dd,Unknown,69d66612206ccee161f8a089,CM PIZZA FLATBREAD PEPPERONI MOZZARELLA 13.2 OZ,2.99,5.99,1,Deli
Detroit,2026-04-10 02:34,2026-04-09 16:30,5f766f081673e04ebe6374dd,Unknown,69d665e95c182d4dec0c4b8b,SKIN PACK TRUE TIDES PF COD 14OZ,4.99,9.99,1,Seafood
Detroit,2026-04-10 02:34,2026-04-09 16:30,5f766f081673e04ebe6374dd,Unknown,69d6656ebf7488f5b4ddd8d9,CUPCAKES OREO MINI 12CT,2.5,4.99,2,Bakery
Detroit,2026-04-10 02:34,2026-04-09 16:30,5f766f081673e04ebe6374dd,Unknown,69d6654d210ea585afce123c,PILLSBURY COOKIE DOUGH HOLIDAY 4 16 OZ,2.1,4.19,2,Dairy
Detroit,2026-04-10 02:34,2026-04-09 16:30,5f766f081673e04ebe6374dd,Unknown,69d6652722126c35f217a68d,TRUE GOODNESS ORGANIC MILK WHOLE GAL,4.09,8.19,1,Dairy
Detroit,2026-04-10 02:34,2026-04-09 16:30,5f766f081673e04ebe6374dd,Unknown,69d6650fa922da35020e1833,COUNTRY FRESH MILK 2% 1/2 GAL,1.44,2.89,1,Dairy
Detroit,2026-04-10 02:34,2026-04-09 16:30,5f766f081673e04ebe6374dd,Unknown,69d66507a922da35020e16bc,TRUMOO 1% LOWFAT ROTATIONAL FLAVORED HALF GALLON,1.69,3.39,1,Dairy
Detroit,2026-04-10 02:34,2026-04-09 16:30,5f766f081673e04ebe6374dd,Unknown,69d65e6093a2dc0f3dd8f372,Veggie Bundle #2,5,5,1,Produce
Detroit,2026-04-10 02:34,2026-04-09 16:30,5f766f081673e04ebe6374dd,Unknown,69d65de6b443b3445dbd8815,Veggie Bundle #6,5,5,1,Produce
Detroit,2026-04-10 02:34,2026-04-09 16:30,5f766f081673e04ebe6374dd,Unknown,69d65dbdb443b3445dbd8090,Veggie Bundle #9,5,5,1,Produce
Detroit,2026-04-10 02:34,2026-04-09 16:30,5f766f081673e04ebe6374dd,Unknown,69d65db30ac2bcd40be1e3ad,Fruit Bundle #10,5,5,1,Produce
Detroit,2026-04-10 02:34,2026-04-09 16:30,5f766f081673e04ebe6374dd,Unknown,69d65d3bb443b3445dbd68f4,Veggie Bundle #17,5,5,1,Produce
Detroit,2026-04-10 02:34,2026-04-09 16:30,5f766f081673e04ebe6374dd,Unknown,69d65d1bf7bdebc8c0774a37,Veggie Bundle #19,5,5,1,Produce
Detroit,2026-04-10 02:34,2026-04-09 16:30,5f766f081673e04ebe6374dd,Unknown,69d4c8a72ad32179d500c33c,MEIJER MILK 2% RF 1/2 GAL,0.74,1.49,3,Dairy
Detroit,2026-04-10 02:34,2026-04-09 16:30,5f766f081673e04ebe6374dd,Unknown,69d4c8992ad32179d500c313,COUNTRY FRESH MILK 2% GAL,2.24,4.49,1,Dairy
Detroit,2026-04-10 02:34,2026-04-09 16:30,5f766f081673e04ebe6374dd,Unknown,69d39d247957984f447bda56,RESERS SALAD PASTA GARDEN 16 OZ,3,5.99,2,Deli
Detroit,2026-04-10 02:34,2026-04-09 16:30,5f766f081673e04ebe6374dd,Unknown,69d39d039016434e7de5ac93,FFM SANDWICH SPREAD 12 OZ,3.09,6.19,2,Deli
Detroit,2026-04-10 02:34,2026-04-09 16:30,5f766f081673e04ebe6374dd,Unknown,69d39cee9016434e7de5aa0b,MEIJER MILK 2% RF 1/2 GAL,0.74,1.49,1,Dairy
Detroit,2026-04-10 02:34,2026-04-09 16:30,5f766f081673e04ebe6374dd,Unknown,69d29ceb8aa633bf6a827c7a,MEIJER MILK 2% RF 1/2 GAL,0.74,1.49,2,Dairy
Detroit,2026-04-10 02:34,2026-04-09 16:30,5f766f081673e04ebe6374e3,Unknown,69d7a53de0e305fa098f06da,CRAFTED MARKET CHILI BEEF 16 OZ,2.5,4.99,6,Deli
Detroit,2026-04-10 02:34,2026-04-09 16:30,5f766f081673e04ebe6374e3,Unknown,69d6a05a206ccee161056104,Veggie Bundle #2,5,5,1,Produce
Detroit,2026-04-10 02:34,2026-04-09 16:30,5f766f081673e04ebe6374e3,Unknown,69d69f4a210ea585afd96726,Veggie Bundle #1,5,5,1,Produce
Detroit,2026-04-10 02:34,2026-04-09 16:30,5f766f081673e04ebe6374e3,Unknown,69d69eac5eac9182ecda47bd,Fruit Bundle #5,5,5,1,Produce
Detroit,2026-04-10 02:34,2026-04-09 16:30,5f766f081673e04ebe6374e3,Unknown,69d69e01a152b5f85e683c21,Fruit Bundle #4,5,5,1,Produce
Detroit,2026-04-10 02:34,2026-04-09 16:30,5f766f081673e04ebe6374e3,Unknown,69d69d45206ccee16104d04e,Veggie Bundle #3,5,5,1,Produce
Detroit,2026-04-10 02:34,2026-04-09 16:30,5f766f081673e04ebe6374e3,Unknown,69d69cd2206ccee16104b9b8,Fruit Bundle #2,5,5,1,Produce
Detroit,2026-04-10 02:34,2026-04-09 16:30,5f766f081673e04ebe6374e3,Unknown,69d69bbba152b5f85e67f248,Fruit Bundle #1,5,5,1,Produce
Detroit,2026-04-10 02:34,2026-04-09 16:30,5f766f081673e04ebe6374e3,Unknown,69d647daffca8e3ab5591a4c,MARGHERITA JALAPENO PEPPERONI PILLOW PACK 8 OZ,2.5,4.99,7,Deli
Detroit,2026-04-10 02:34,2026-04-09 16:30,5f766f081673e04ebe6374e3,Unknown,69d5973409a62900ce16a6cb,Mixed Produce Bundle #1,5,5,1,Produce
Detroit,2026-04-10 02:34,2026-04-09 16:30,5f766f081673e04ebe6374e3,Unknown,69d595e6ba51a01e094f0e87,Fruit Bundle #2,5,5,1,Produce
Detroit,2026-04-10 02:34,2026-04-09 16:30,5f766f081673e04ebe6374e3,Unknown,69d5956193a2dc0f3dc8e6be,Fruit Bundle #1,5,5,1,Produce
Detroit,2026-04-10 02:34,2026-04-09 16:30,5f766f081673e04ebe6374e3,Unknown,69d40f322ad32179d5f4772b,GOGURT YGT PROTEIN BERRY 8/2 OZ,2.09,4.19,1,Dairy
Detroit,2026-04-10 02:34,2026-04-09 16:30,5f766f081673e04ebe6374e3,Unknown,69d40d1912ff2a5876be74e4,Mixed Produce Bundle #1,5,5,1,Produce
Detroit,2026-04-10 02:34,2026-04-09 16:30,5f766f081673e04ebe6374e3,Unknown,69d40ce212ff2a5876be6ca4,Veggie Bundle #6,5,5,1,Produce
Detroit,2026-04-10 02:34,2026-04-09 16:30,5f766f081673e04ebe6374e3,Unknown,69d4077d7957984f4492fbba,Fruit Bundle #2,5,5,1,Produce
Detroit,2026-04-10 02:34,2026-04-09 16:30,5f766f081673e04ebe6374e3,Unknown,69d4072c12ff2a5876bd4b6f,Fruit Bundle #1,5,5,1,Produce
Detroit,2026-04-10 02:34,2026-04-09 16:30,5f766f081673e04ebe6374d3,Unknown,69d6c8a15eac9182ece193cb,FFM MINI MUFFIN VARIETY PACK 12CT,2.74,5.49,2,Bakery
Detroit,2026-04-10 02:34,2026-04-09 16:30,5f766f081673e04ebe6374d3,Unknown,69d6c87fa0feed451404d914,FFM YEAST DONUT GLAZED 12CT,2.49,4.99,1,Bakery
Detroit,2026-04-10 02:34,2026-04-09 16:30,5f766f081673e04ebe6374d3,Unknown,69d6c860206ccee1610d0213,FFM SCONE BLUEBERRY 8CT,2.49,4.99,4,Bakery
Detroit,2026-04-10 02:34,2026-04-09 16:30,5f766f081673e04ebe6374d3,Unknown,69d6c84e210ea585afe0ce13,FFM SCONE RASP FLAVORED WHITE MORSEL 8CT,2.49,4.99,4,Bakery
Detroit,2026-04-10 02:34,2026-04-09 16:30,5f766f081673e04ebe6374d3,Unknown,69d6c842bf7488f5b4f0dbd0,FFM CINNAMON TWIRL 4CT,2.14,4.29,2,Bakery
Detroit,2026-04-10 02:34,2026-04-09 16:30,5f766f081673e04ebe6374d3,Unknown,69d6c82722126c35f22c3fcb,FFM 5PK SLICED HONEY WHEAT BAGELS,2.24,4.49,3,Bakery
Detroit,2026-04-10 02:34,2026-04-09 16:30,5f766f081673e04ebe6374d3,Unknown,69d6c80822126c35f22c38a0,FFM 5PK UNSLICED JALAPENO CHEDDAR BAGELS,2.24,4.49,4,Bakery
Detroit,2026-04-10 02:34,2026-04-09 16:30,5f766f081673e04ebe6374d3,Unknown,69d56d18ba51a01e09490222,FFM PITA WHITE MINIS 8 OZ 8CT,1.19,2.39,4,Deli
Detroit,2026-04-10 02:34,2026-04-09 16:30,5f766f081673e04ebe6374d3,Unknown,69d56ce693a2dc0f3dc2ee60,FFM SALAD TUNA 12 OZ,3.09,6.19,1,Deli
Detroit,2026-04-10 02:34,2026-04-09 16:30,5f766f081673e04ebe6374d3,Unknown,69d56cd709a62900ce115c18,FFM SALAD EGG 12 OZ,2.79,5.59,1,Deli
Detroit,2026-04-10 02:34,2026-04-09 16:30,5f766f081673e04ebe6374d3,Unknown,69d568bcb443b3445da6d585,FFM MINI MUFFIN CHOC CHIP 12CT,2.74,5.49,1,Bakery
Detroit,2026-04-10 02:34,2026-04-09 16:30,5f766f081673e04ebe6374d3,Unknown,69d4191081c54f1c02828c0a,SIMPLE JOYS CAKE SLC ICED STRAWBRY VANILLA 14.1 OZ,2.84,5.69,1,Bakery
Detroit,2026-04-10 02:34,2026-04-09 16:30,5f766f081673e04ebe6374d3,Unknown,6970eb3c544f613a9c83d95d,PAPAS KITCHEN VINAIGRETTE FRESH HERB 12 OZ,4.49,8.99,2,Produce
Detroit,2026-04-10 02:34,2026-04-09 16:30,5f766f081673e04ebe6374d3,Unknown,696cfb4c544f613a9cb8a2b2,BETTYS DRESSING 16 OZ,2.99,5.99,6,Produce
Detroit,2026-04-10 02:34,2026-04-09 16:30,67f022817b5f59b1bba8c7ff,Unknown,69d66136a922da35020d439b,Beef Tenderloin Tips,11.99,19.99,1,Food & Beverage
Detroit,2026-04-10 02:34,2026-04-09 16:30,67f022817b5f59b1bba8c7ff,Unknown,69d6609db443b3445dbe382b,thousand hills renegade blend ground beef,8.99,17.19,11,Food & Beverage
Detroit,2026-04-10 02:34,2026-04-09 16:30,67f022817b5f59b1bba8c7ff,Unknown,69d65fe393a2dc0f3dd940c3,beef patties 85/15,7.49,13.49,10,Food & Beverage
Detroit,2026-04-10 02:34,2026-04-09 16:30,67f022817b5f59b1bba8c7ff,Unknown,69c121a837febc6265349697,Thousand Hills Ground Beef 85/15,10.99,13.99,10,Food & Beverage
Detroit,2026-04-10 02:34,2026-04-09 16:30,67f022817b5f59b1bba8c7ff,Unknown,69a6d30fc84b98d3a1e367a0,pre 100% grass-fed and finished beef filet mignon steak,10.99,17.59,10,Food & Beverage
Detroit,2026-04-10 02:34,2026-04-09 16:30,67f022817b5f59b1bba8c7ff,Unknown,69a6d132d5cafd97c2f785f6,Plainville Farms Organic Ground Turkey 16 oz,5.99,16.89,12,Food & Beverage
Detroit,2026-04-10 02:34,2026-04-09 16:30,67f022817b5f59b1bba8c7ff,Unknown,6978ec125e28e9c60caa12e5,Bell and Evans Turkey,30,88,2,Food & Beverage
Detroit,2026-04-10 02:34,2026-04-09 16:30,5f766f081673e04ebe6374d0,Unknown,69d7db7e8624a0ffca88b324,Veggie Bundle #4122,5,5,1,Produce
Detroit,2026-04-10 02:34,2026-04-09 16:30,5f766f081673e04ebe6374d0,Unknown,69d7db61e0e305fa099a4800,Fruit Bundle #4123,5,5,1,Produce
Detroit,2026-04-10 02:34,2026-04-09 16:30,5f766f081673e04ebe6374d0,Unknown,69d7da878624a0ffca887c7f,Veggie Bundle #4121,5,5,1,Produce
Detroit,2026-04-10 02:34,2026-04-09 16:30,5f766f081673e04ebe6374d0,Unknown,69d7cd7d0ebf3d2efa055ee9,JENNIE-O GROUND TURKEY 85/15 TRAY 16OZ FRH,2.9,5.79,4,Meat
Detroit,2026-04-10 02:34,2026-04-09 16:30,5f766f081673e04ebe6374d0,Unknown,69d7cd4b8624a0ffca85aed0,JENNIE-O GROUND TURKEY BREAST 99/1 TRAY 16OZ FRH,3.74,7.49,8,Meat
Detroit,2026-04-10 02:34,2026-04-09 16:30,5f766f081673e04ebe6374d0,Unknown,69d5407cf7bdebc8c057be9e,Veggie Bundle #4103,5,5,1,Produce
Detroit,2026-04-10 02:34,2026-04-09 16:30,5f766f081673e04ebe6374d0,Unknown,69d54073c498c9cc36b65dcc,Fruit Bundle #4102,5,5,1,Produce
Detroit,2026-04-10 02:34,2026-04-09 16:30,5f766f081673e04ebe6374d8,Unknown,69d7c73bca5c806c8b2a646d,JVILLE SAUSAGE SWEET ITALIAN 19 OZ,2.28,5.69,16,Packaged meat
Detroit,2026-04-10 02:34,2026-04-09 16:30,5f766f081673e04ebe6374d8,Unknown,69d523ae5594a7b974b1b634,vevan plain uncream cheese,1.71,5.69,4,Produce
Detroit,2026-04-10 02:34,2026-04-09 16:30,5f766f081673e04ebe6374d8,Unknown,69d523272069e45165c6a0b2,MARZ DIP VEGGIE CRMY STUFFED JALAPENO 12 OZ,2.25,4.49,2,Produce
Detroit,2026-04-10 02:34,2026-04-09 16:30,5f766f081673e04ebe6374d8,Unknown,69d522f89016434e7d1b7154,MARZ DIP VEGGIE CRMY STUFFED JALAPENO 12 OZ,1.12,4.49,1,Produce
Detroit,2026-04-10 02:34,2026-04-09 16:30,5f766f081673e04ebe6374d8,Unknown,69d3c9a09016434e7df04245,FIELD ROAST PLNT BSD CHAO SLICES SPICY 7 OZ,3,5.99,1,Produce
Detroit,2026-04-10 02:34,2026-04-09 16:30,5f766f081673e04ebe6374d8,Unknown,69d089725bca218144bc01ec,OIKOS GREEK YGT TRIPLE ZERO VANILLA 4/5.3 OZ,2.59,5.19,2,Dairy
Detroit,2026-04-10 02:34,2026-04-09 16:30,5f766efd06e2381086a9acbf,Unknown,69d7e25a8624a0ffca89f47e,FFM BROCCOLI FLORETS 32 OZ,1.36,6.79,4,Produce
Detroit,2026-04-10 02:34,2026-04-09 16:30,5f766efd06e2381086a9acbf,Unknown,69d7e20d0ebf3d2efa092e25,FFM BROCCOLI CAULIFLOWER FLORETS 12 OZ,0.28,2.79,25,Produce
Detroit,2026-04-10 02:34,2026-04-09 16:30,5f766efd06e2381086a9acbf,Unknown,69d7d9cfca5c806c8b2e5c05,Veggie Bundle #3966,5,5,1,Produce
Detroit,2026-04-10 02:34,2026-04-09 16:30,5f766efd06e2381086a9acbf,Unknown,69d7d98ce0e305fa0999ea82,Veggie Bundle #3965,5,5,1,Produce
Detroit,2026-04-10 02:34,2026-04-09 16:30,5f766efd06e2381086a9acbf,Unknown,69d7d951ca5c806c8b2e34ea,Mixed Produce Bundle #3964,5,5,1,Produce
Detroit,2026-04-10 02:34,2026-04-09 16:30,5f766efd06e2381086a9acbf,Unknown,69d7d88bca208ab590e46876,Fruit Bundle #3962,5,5,1,Produce
Detroit,2026-04-10 02:34,2026-04-09 16:30,5f766efd06e2381086a9acbf,Unknown,69d7d836e0e305fa0999a9fd,Mixed Produce Bundle #3961,5,5,1,Produce
Detroit,2026-04-10 02:34,2026-04-09 16:30,5f766efd06e2381086a9acbf,Unknown,69d7d7e3a8ff9e7e69fc7ce8,Mixed Produce Bundle #3960,5,5,1,Produce
Detroit,2026-04-10 02:34,2026-04-09 16:30,5f766efd06e2381086a9acbf,Unknown,69d7d7acca5c806c8b2dd64a,Veggie Bundle #3959,5,5,1,Produce
Detroit,2026-04-10 02:34,2026-04-09 16:30,5f766efd06e2381086a9acbf,Unknown,69d7d741ca5c806c8b2dc0fd,Mixed Produce Bundle #3958,5,5,1,Produce
Detroit,2026-04-10 02:34,2026-04-09 16:30,5f766efd06e2381086a9acbf,Unknown,69d7d6f3c57ccae74b5714ab,Mixed Produce Bundle #3957,5,5,1,Produce
Detroit,2026-04-10 02:34,2026-04-09 16:30,5f766efd06e2381086a9acbf,Unknown,69d7d69a0ebf3d2efa070a9e,Mixed Produce Bundle #3956,5,5,1,Produce
Detroit,2026-04-10 02:34,2026-04-09 16:30,5f766efd06e2381086a9acbf,Unknown,69d7d63eca208ab590e3e272,Veggie Bundle #3955,5,5,1,Produce
Detroit,2026-04-10 02:34,2026-04-09 16:30,5f766efd06e2381086a9acbf,Unknown,69d7d5fdca5c806c8b2d7e83,Veggie Bundle #3954,5,5,1,Produce
Detroit,2026-04-10 02:34,2026-04-09 16:30,5f766efd06e2381086a9acbf,Unknown,69d7d56b0ebf3d2efa06d8ae,Veggie Bundle #3952,5,5,1,Produce
Detroit,2026-04-10 02:34,2026-04-09 16:30,5f766efd06e2381086a9acbf,Unknown,69d7a372ca208ab590d8ecec,MEIJER GREEK YOGURT 0% RASPBERRY 5.3OZ,0.44,0.89,4,Dairy
Detroit,2026-04-10 02:34,2026-04-09 16:30,5f766efd06e2381086a9acbf,Unknown,69d7a362ca208ab590d8e9d5,SWEET LORENS PIE CRUST 8.1 OZ,4,7.99,2,Dairy
Detroit,2026-04-10 02:34,2026-04-09 16:30,5f766efd06e2381086a9acbf,Unknown,69d7a2e25790c0d10437e873,MILOS SWEET TEA ZERO SUGAR 128 OZ,1.99,3.99,1,Dairy
Detroit,2026-04-10 02:34,2026-04-09 16:30,5f766efd06e2381086a9acbf,Unknown,69d7a2d0ca208ab590d8c812,MEIJER MILK 1% LOWFAT GAL,1.49,2.98,1,Dairy
Detroit,2026-04-10 02:34,2026-04-09 16:30,5f766efd06e2381086a9acbf,Unknown,69d7a2bfa8ff9e7e69f1c167,MILOS SWEET TEA 20 OZ,0.84,1.69,1,Dairy
Detroit,2026-04-10 02:34,2026-04-09 16:30,5f766efd06e2381086a9acbf,Unknown,69d7a2abe0e305fa098e67ef,ACTIVIA YGT BLACK CHERRY 4/4 OZ,1.59,3.19,2,Dairy
Detroit,2026-04-10 02:34,2026-04-09 16:30,5f766efd06e2381086a9acbf,Unknown,69d7a2920ebf3d2efafd3cfb,YOPLAIT YOGURT PROTEIN STRAWBERRY CHEESECAKE 5.6OZ,0.59,1.19,4,Dairy
Detroit,2026-04-10 02:34,2026-04-09 16:30,5f766efd06e2381086a9acbf,Unknown,69d7a26d5790c0d10437d95c,TRUMOO 1% LOWFAT ROTATIONAL FLAVORED HALF GALLON,1.69,3.39,1,Dairy
Detroit,2026-04-10 02:34,2026-04-09 16:30,5f766efd06e2381086a9acbf,Unknown,69d68a8dbf7488f5b4e5c5e8,Mixed Produce Bundle #3949,5,5,1,Produce
Detroit,2026-04-10 02:34,2026-04-09 16:30,5f766efd06e2381086a9acbf,Unknown,69d68a3f22126c35f2206f0d,Mixed Produce Bundle #3948,5,5,1,Produce
Detroit,2026-04-10 02:34,2026-04-09 16:30,5f766efd06e2381086a9acbf,Unknown,69d68a04f894eba1ea7347ba,Fruit Bundle #3947,5,5,1,Produce
Detroit,2026-04-10 02:34,2026-04-09 16:30,5f766efd06e2381086a9acbf,Unknown,69d689c122126c35f2205c8b,Mixed Produce Bundle #3946,5,5,1,Produce
Detroit,2026-04-10 02:34,2026-04-09 16:30,5f766efd06e2381086a9acbf,Unknown,69d65549f7bdebc8c0757a27,TRUMOO MILK CHOCOLATE WHOLE GALLON,2.89,5.79,1,Dairy
Detroit,2026-04-10 02:34,2026-04-09 16:30,5f766efd06e2381086a9acbf,Unknown,69d65537f7bdebc8c07574bd,TRUMOO MILK CHOCOLATE WHOLE 1/2 GAL,1.69,3.39,1,Dairy
Detroit,2026-04-10 02:34,2026-04-09 16:30,5f766efd06e2381086a9acbf,Unknown,69d655070ac2bcd40bdfeb8a,TRUMOO MILK 1% CHOCOLATE 1/2 GAL,1.69,3.39,1,Dairy
Detroit,2026-04-10 02:34,2026-04-09 16:30,5f766efd06e2381086a9acbf,Unknown,69d654ef0ac2bcd40bdfe355,MARBURGER DAIRY BUTTERMILK GOURMET 32 OZ,1.69,3.39,1,Dairy
Detroit,2026-04-10 02:34,2026-04-09 16:30,5f766efd06e2381086a9acbf,Unknown,69d654d5b443b3445dbb5ad8,MEIJER GREEK YOGURT 0% RASPBERRY 5.3OZ,0.44,0.89,3,Dairy
Detroit,2026-04-10 02:34,2026-04-09 16:30,5f766efd06e2381086a9acbf,Unknown,69d654af3fd47c843f10bc16,YOPLAIT ORIGINAL YGT STRAWBERRY CHEESECAKE 6 OZ,0.39,0.79,2,Dairy
Detroit,2026-04-10 02:34,2026-04-09 16:30,5f766efd06e2381086a9acbf,Unknown,69d6547cf7bdebc8c07551e0,TRUE GOODNESS COCONUT MILK YOGURT TART CHRRY 5.3OZ,0.64,1.29,3,Dairy
Detroit,2026-04-10 02:34,2026-04-09 16:30,5f766efd06e2381086a9acbf,Unknown,69d5485a0ac2bcd40bc606de,Mixed Produce Bundle #3938,5,5,1,Produce
Detroit,2026-04-10 02:34,2026-04-09 16:30,5f766efd06e2381086a9acbf,Unknown,69d547ad397a6235a9dd8d7e,Mixed Produce Bundle #3937,5,5,1,Produce
Detroit,2026-04-10 02:34,2026-04-09 16:30,5f766efd06e2381086a9acbf,Unknown,69d54743515d8609f8dcc1e3,Mixed Produce Bundle #3936,5,5,1,Produce
Detroit,2026-04-10 02:34,2026-04-09 16:30,5f766efd06e2381086a9acbf,Unknown,69d546c2515d8609f8dca9c3,Mixed Produce Bundle #3935,5,5,1,Produce
Detroit,2026-04-10 02:34,2026-04-09 16:30,5f766efd06e2381086a9acbf,Unknown,69d545b5f7bdebc8c058d57f,Mixed Produce Bundle #3934,5,5,1,Produce
Detroit,2026-04-10 02:34,2026-04-09 16:30,5f766efd06e2381086a9acbf,Unknown,69d543d10ac2bcd40bc51fcc,Mixed Produce Bundle #3933,5,5,1,Produce
Detroit,2026-04-10 02:34,2026-04-09 16:30,5f766efd06e2381086a9acbf,Unknown,69d5435c515d8609f8dc1f71,Mixed Produce Bundle #3932,5,5,1,Produce
Detroit,2026-04-10 02:34,2026-04-09 16:30,5f766efd06e2381086a9acbf,Unknown,69d525ee0539bf299df4b353,MILOS UNSWEET TEA 128 OZ,1.99,3.99,1,Dairy
Detroit,2026-04-10 02:34,2026-04-09 16:30,5f766efd06e2381086a9acbf,Unknown,69d525cc5398072dfb42d63e,MILOS EXTRA SWEET TEA 128 OZ,1.99,3.99,1,Dairy
Detroit,2026-04-10 02:34,2026-04-09 16:30,5f766efd06e2381086a9acbf,Unknown,69d522bc81c54f1c029bb0f2,MEIJER NFC LEMONADE 52 OZ,0.28,2.79,1,Dairy
Detroit,2026-04-10 02:34,2026-04-09 16:30,5f766efd06e2381086a9acbf,Unknown,69d5228b2069e45165c68d15,CHOBANI GREEK YGT PLAIN 5.3 OZ,0.69,1.39,4,Dairy
Detroit,2026-04-10 02:34,2026-04-09 16:30,5f766efd06e2381086a9acbf,Unknown,69d3b95f9016434e7dec4713,CHOBANI GREEK YGT PLAIN 5.3 OZ,0.69,1.39,2,Dairy
Detroit,2026-04-10 02:34,2026-04-09 16:30,5f766efd06e2381086a9acbf,Unknown,69d28c386997ef65b500f3a4,YOPLAIT YOGURT PROTEIN STRAWBERRY CHEESECAKE 5.6OZ,0.59,1.19,1,Dairy
Detroit,2026-04-10 02:34,2026-04-09 16:30,5f766efd06e2381086a9acbf,Unknown,69d1257b29c89b283ddf326c,YOPLAIT YOGURT PROTEIN VANILLA 5.6 OZ,0.59,1.19,1,Dairy
Detroit,2026-04-10 02:34,2026-04-09 16:30,5f766f081673e04ebe6374cd,Unknown,69d7b866ca5c806c8b276f85,Mixed Produce Bundle #8,5,5,1,Produce
Detroit,2026-04-10 02:34,2026-04-09 16:30,5f766f081673e04ebe6374cd,Unknown,69d7b5a9ca208ab590dcecb5,Veggie Bundle #7,3,3,1,Produce
Detroit,2026-04-10 02:34,2026-04-09 16:30,5f766f081673e04ebe6374cd,Unknown,69d7b4cca8ff9e7e69f55677,Mixed Produce Bundle #6,5,5,1,Produce
Detroit,2026-04-10 02:34,2026-04-09 16:30,5f766f081673e04ebe6374cd,Unknown,69d7b3aa975a28cc8e70d1ea,Mixed Produce Bundle #5,300,300,1,Produce
Detroit,2026-04-10 02:34,2026-04-09 16:30,5f766f081673e04ebe6374cd,Unknown,69d7b1e4a8ff9e7e69f4bc1c,Mixed Produce Bundle #3,5,5,1,Produce
Detroit,2026-04-10 02:34,2026-04-09 16:30,5f766f081673e04ebe6374cd,Unknown,69d7aff3a8ff9e7e69f45af7,Mixed Produce Bundle #1,5,5,1,Produce
Detroit,2026-04-10 02:34,2026-04-09 16:30,5f766f081673e04ebe6374cd,Unknown,69d798b50ebf3d2efafb6757,HODO ORG NUGGETS THAI CURRY 8 OZ,3.5,6.99,3,Produce
Detroit,2026-04-10 02:34,2026-04-09 16:30,5f766f081673e04ebe6374cd,Unknown,69d7989e5700669d46f18f4a,HODO ORG NUGGETS THAI CURRY 8 OZ,3.5,6.99,3,Produce
Detroit,2026-04-10 02:34,2026-04-09 16:30,5f766f081673e04ebe6374cd,Unknown,69d79872ca5c806c8b208f91,CLEVELAND KITCHEN ASIAN VEGETABLE PICKLED 16 OZ,3,5.99,3,Produce
Detroit,2026-04-10 02:34,2026-04-09 16:30,5f766f081673e04ebe6374cd,Unknown,69d78f6aca5c806c8b1f0d74,FFM SWEET POTATO CHUNKS 14 OZ,1.99,3.99,21,Produce
Detroit,2026-04-10 02:34,2026-04-09 16:30,5f766f081673e04ebe6374cd,Unknown,69d77a0ea8ff9e7e69ebffc8,FFM PICO DE GALLO 12 OZ,2.5,4.99,8,Produce
Detroit,2026-04-10 02:34,2026-04-09 16:30,5f766f081673e04ebe6374cd,Unknown,69d69089f894eba1ea74a4b6,MARZ DIP VEGGIE CRMY STUFFED JALAPENO 12 OZ,2.24,4.49,1,Produce
Detroit,2026-04-10 02:34,2026-04-09 16:30,5f766f081673e04ebe6374cd,Unknown,69d690705eac9182ecd7e6e5,MARZ DIP VEGGIE CRMY STUFFED JALAPENO 12 OZ,2.25,4.49,1,Produce
Detroit,2026-04-10 02:34,2026-04-09 16:30,5f766f081673e04ebe6374cd,Unknown,69d69010bf7488f5b4e6f5a4,MARZ DIP VEGGIE GARLIC HERB 12 OZ,2.25,4.49,1,Produce
Detroit,2026-04-10 02:34,2026-04-09 16:30,5f766f081673e04ebe6374cd,Unknown,69d65f58f7bdebc8c077e974,FFM FP CHCKN DRUMS ALL NTL RW1278,3.96,7.93,1,Meat
Detroit,2026-04-10 02:34,2026-04-09 16:30,5f766f081673e04ebe6374cd,Unknown,69d65f4e0ac2bcd40be23b1a,FFM FP CHCKN DRUMS ALL NTL RW1278,3.77,7.54,1,Meat
Detroit,2026-04-10 02:34,2026-04-09 16:30,5f766f081673e04ebe6374cd,Unknown,69d65f3bf7bdebc8c077e2f4,FFM FP CHCKN DRUMS ALL NTL RW1278,3.07,6.14,1,Meat
Detroit,2026-04-10 02:34,2026-04-09 16:30,5f766f081673e04ebe6374cd,Unknown,69d65f1b351081c614428c87,FFM FP CHCKN DRUMS ALL NTL RW1278,3.04,6.09,1,Meat
Detroit,2026-04-10 02:34,2026-04-09 16:30,5f766f081673e04ebe6374cd,Unknown,69d65efbb443b3445dbdcf81,FFM FP CHCKN DRUMS ALL NTL RW1278,3.74,7.49,1,Meat
Detroit,2026-04-10 02:34,2026-04-09 16:30,5f766f081673e04ebe6374cd,Unknown,69d65e97351081c614426ef3,FFM FP CHCKN DRUMS ALL NTL RW1278,3.73,7.46,1,Meat
Detroit,2026-04-10 02:34,2026-04-09 16:30,5f766f081673e04ebe6374cd,Unknown,69d54071f7bdebc8c057bc2f,TAYLOR FARMS CHOPPED KIT BUFFALO RANCH 13.7 OZ,2.24,4.49,2,Produce
Detroit,2026-04-10 02:34,2026-04-09 16:30,5f766f081673e04ebe6374cd,Unknown,69d5404916ccd73445f3dc92,FFM SALAD BOWL RANCH CHICKEN BACON 5.8 OZ,1.69,3.39,6,Produce
Detroit,2026-04-10 02:34,2026-04-09 16:30,5f766f081673e04ebe6374cd,Unknown,69cbb953827a365ed0db6898,DOLE SALAD KIT PREMIUM COUNTRY RANCH 13.25 OZ,2.24,4.49,2,Produce
Detroit,2026-04-10 02:34,2026-04-09 16:30,5f766f081673e04ebe6374cd,Unknown,69cbae34ce568dd1d3ce5dc9,DOLE SALAD KIT PREMIUM STRBRY POPPYSEED 7.1 OZ,2.24,4.49,3,Produce
Detroit,2026-04-10 02:34,2026-04-09 16:30,5f766f081673e04ebe6374cd,Unknown,69cbae152f30326c359cb0dc,DOLE SALAD KIT CHOPPED CAESAR 10.6 OZ,2.24,4.49,7,Produce
Detroit,2026-04-10 02:34,2026-04-09 16:30,5f766f081673e04ebe6374df,Unknown,69d7e0840ebf3d2efa08dcd1,Veggie Bundle #508,5,5,1,Produce
Detroit,2026-04-10 02:34,2026-04-09 16:30,5f766f081673e04ebe6374df,Unknown,69d7e06da45c301e692b97fb,Veggie Bundle #507,5,5,1,Produce
Detroit,2026-04-10 02:34,2026-04-09 16:30,5f766f081673e04ebe6374df,Unknown,69d7e05ce0e305fa099b513f,Veggie Bundle #506,5,5,1,Produce
Detroit,2026-04-10 02:34,2026-04-09 16:30,5f766f081673e04ebe6374df,Unknown,69d7dec70ebf3d2efa08926d,Veggie Bundle #505,5,5,1,Produce
Detroit,2026-04-10 02:34,2026-04-09 16:30,5f766f081673e04ebe6374df,Unknown,69d7deb2ca208ab590e5c5e1,Veggie Bundle #504,5,5,1,Produce
Detroit,2026-04-10 02:34,2026-04-09 16:30,5f766f081673e04ebe6374df,Unknown,69d7dea30ebf3d2efa088c17,Veggie Bundle #503,5,5,1,Produce
Detroit,2026-04-10 02:34,2026-04-09 16:30,5f766f081673e04ebe6374df,Unknown,69d7ddd00ebf3d2efa08715b,Veggie Bundle #502,5,5,1,Produce
Detroit,2026-04-10 02:34,2026-04-09 16:30,5f766f081673e04ebe6374df,Unknown,69d7ddbbca208ab590e585f4,Veggie Bundle #501,5,5,1,Produce
Detroit,2026-04-10 02:34,2026-04-09 16:30,5f766f081673e04ebe6374df,Unknown,69d7dd9e8624a0ffca892157,Veggie Bundle #500,5,5,1,Produce
Detroit,2026-04-10 02:34,2026-04-09 16:30,5f766f081673e04ebe6374df,Unknown,69d68f75206ccee16102335b,Veggie Bundle #407,5,5,1,Produce
Detroit,2026-04-10 02:34,2026-04-09 16:30,5f766f081673e04ebe6374df,Unknown,69d68f4f206ccee1610227a3,Veggie Bundle #406,5,5,1,Produce
Detroit,2026-04-10 02:34,2026-04-09 16:30,5f766f081673e04ebe6374df,Unknown,69d68da8f894eba1ea7410bc,Veggie Bundle #405,5,5,1,Produce
Detroit,2026-04-10 02:34,2026-04-09 16:30,5f766f081673e04ebe6374df,Unknown,69d68d9722126c35f220fc88,Veggie Bundle #404,5,5,1,Produce
Detroit,2026-04-10 02:34,2026-04-09 16:30,5f766f081673e04ebe6374df,Unknown,69d68d84a152b5f85e661ce0,Veggie Bundle #403,5,5,1,Produce
Detroit,2026-04-10 02:34,2026-04-09 16:30,5f766f081673e04ebe6374df,Unknown,69d68c725eac9182ecd72ae6,Veggie Bundle #402,5,5,1,Produce
Detroit,2026-04-10 02:34,2026-04-09 16:30,5f766f081673e04ebe6374df,Unknown,69d68c68a152b5f85e65fed8,Veggie Bundle #401,5,5,1,Produce
Detroit,2026-04-10 02:34,2026-04-09 16:30,5f766f081673e04ebe6374df,Unknown,69d68c4c206ccee16101948e,Veggie Bundle #400,5,5,1,Produce
Detroit,2026-04-10 02:34,2026-04-09 16:30,5f766f081673e04ebe6374df,Unknown,69d537bf0ac2bcd40bc2c57c,Veggie Bundle #315,5,5,1,Produce
Detroit,2026-04-10 02:34,2026-04-09 16:30,5f766f081673e04ebe6374df,Unknown,69d537ba93a2dc0f3db82ea5,Fruit Bundle #314,5,5,1,Produce
Detroit,2026-04-10 02:34,2026-04-09 16:30,5f766f081673e04ebe6374df,Unknown,69d537a6ba51a01e093e1e71,Fruit Bundle #313,5,5,1,Produce
Detroit,2026-04-10 02:34,2026-04-09 16:30,5f766f081673e04ebe6374df,Unknown,69d53798ba51a01e093e1cf5,Fruit Bundle #312,5,5,1,Produce
Detroit,2026-04-10 02:34,2026-04-09 16:30,5f766f081673e04ebe6374df,Unknown,69d5377af7bdebc8c055b41e,Fruit Bundle #310,5,5,1,Produce
Detroit,2026-04-10 02:34,2026-04-09 16:30,5f766f081673e04ebe6374df,Unknown,69d5375d93a2dc0f3db8202c,Fruit Bundle #309,5,5,1,Produce
Detroit,2026-04-10 02:34,2026-04-09 16:30,5f766f081673e04ebe6374df,Unknown,69d5374f93a2dc0f3db81df5,Fruit Bundle #308,5,5,1,Produce
Detroit,2026-04-10 02:34,2026-04-09 16:30,5f766f081673e04ebe6374df,Unknown,69d53748dd5d5c90784fe9aa,Fruit Bundle #307,5,5,1,Produce
Detroit,2026-04-10 02:34,2026-04-09 16:30,5f766f081673e04ebe6374df,Unknown,69d5373293a2dc0f3db8191a,Fruit Bundle #306,5,5,1,Produce
Detroit,2026-04-10 02:34,2026-04-09 16:30,5f766f081673e04ebe6374df,Unknown,69d53712dd5d5c90784fe46a,Fruit Bundle #304,5,5,1,Produce
Detroit,2026-04-10 02:34,2026-04-09 16:30,5f766f081673e04ebe6374df,Unknown,69d536fcba51a01e093dff26,Fruit Bundle #303,5,5,1,Produce
Detroit,2026-04-10 02:34,2026-04-09 16:30,5f766f081673e04ebe6374df,Unknown,69d536e116ccd73445f22b12,Fruit Bundle #301,5,5,1,Produce
Detroit,2026-04-10 02:34,2026-04-09 16:30,5f766f081673e04ebe6374df,Unknown,69d536d693a2dc0f3db7ff8c,Fruit Bundle #300,5,5,1,Produce
Detroit,2026-04-10 02:34,2026-04-09 16:30,5f766f081673e04ebe6374df,Unknown,69d3e8b1eb2a2f721fb625fa,Veggie Bundle #201,5,5,1,Produce
Detroit,2026-04-10 02:34,2026-04-09 16:30,5f766f081673e04ebe6374df,Unknown,69d3e8999016434e7df72735,Veggie Bundle #200,5,5,1,Produce
Detroit,2026-04-10 02:34,2026-04-09 16:30,5f766f081673e04ebe6374d2,Unknown,69d7d056e0e305fa099821dd,Veggie Bundle #50,5,5,1,Produce
Detroit,2026-04-10 02:34,2026-04-09 16:30,5f766f081673e04ebe6374d2,Unknown,69d7d0450ebf3d2efa05e182,Veggie Bundle #51,5,5,1,Produce
Detroit,2026-04-10 02:34,2026-04-09 16:30,5f766f081673e04ebe6374d2,Unknown,69d7d03aa8ff9e7e69fafcbf,Veggie Bundle #52,5,5,1,Produce
Detroit,2026-04-10 02:34,2026-04-09 16:30,5f766f081673e04ebe6374d2,Unknown,69d7d032e0e305fa09981be7,Veggie Bundle #53,5,5,1,Produce
Detroit,2026-04-10 02:34,2026-04-09 16:30,5f766f081673e04ebe6374d2,Unknown,69d7cf5dca5c806c8b2c0714,Veggie Bundle #54,5,5,1,Produce
Detroit,2026-04-10 02:34,2026-04-09 16:30,5f766f081673e04ebe6374d2,Unknown,69d7cf55ca5c806c8b2c0646,Veggie Bundle #55,5,5,1,Produce
Detroit,2026-04-10 02:34,2026-04-09 16:30,5f766f081673e04ebe6374d2,Unknown,69d7cf45e0e305fa0997f309,Veggie Bundle #56,5,5,1,Produce
Detroit,2026-04-10 02:34,2026-04-09 16:30,5f766f081673e04ebe6374d2,Unknown,69d7cf3de0e305fa0997f020,Veggie Bundle #57,5,5,1,Produce
Detroit,2026-04-10 02:34,2026-04-09 16:30,5f766f081673e04ebe6374d2,Unknown,69d7ce91c57ccae74b55aa26,Veggie Bundle #59,5,5,1,Produce
Detroit,2026-04-10 02:34,2026-04-09 16:30,5f766f081673e04ebe6374d2,Unknown,69d7ce8cca208ab590e2468c,Veggie Bundle #58,5,5,1,Produce
Detroit,2026-04-10 02:34,2026-04-09 16:30,5f766f081673e04ebe6374d2,Unknown,69d6c423a0feed4514044f1b,Veggie Bundle #268,3,3,1,Produce
Detroit,2026-04-10 02:34,2026-04-09 16:30,5f766f081673e04ebe6374d2,Unknown,69d6c405bf7488f5b4f047ad,Veggie Bundle #272,5,5,1,Produce
Detroit,2026-04-10 02:34,2026-04-09 16:30,5f766f081673e04ebe6374d2,Unknown,69d6c3f45eac9182ece0c2f6,Mixed Produce Bundle #273,5,5,1,Produce
Detroit,2026-04-10 02:34,2026-04-09 16:30,5f766f081673e04ebe6374d2,Unknown,69d6c3e0206ccee1610c29e2,Mixed Produce Bundle #269,5,5,1,Produce
Detroit,2026-04-10 02:34,2026-04-09 16:30,5f766f081673e04ebe6374d2,Unknown,69d6c3ca206ccee1610c2448,Mixed Produce Bundle #267,5,5,1,Produce
Detroit,2026-04-10 02:34,2026-04-09 16:30,5f766f081673e04ebe6374d2,Unknown,69d6c3be210ea585afe01d97,Mixed Produce Bundle #271,5,5,1,Produce
Detroit,2026-04-10 02:34,2026-04-09 16:30,5f766f081673e04ebe6374d2,Unknown,69d6c3aca0feed4514043fd8,Mixed Produce Bundle #270,5,5,1,Produce
Detroit,2026-04-10 02:34,2026-04-09 16:30,5f766f081673e04ebe6374d2,Unknown,69d6c13522126c35f22ac061,Mixed Produce Bundle #266,5,5,1,Produce
Detroit,2026-04-10 02:34,2026-04-09 16:30,5f766f081673e04ebe6374d2,Unknown,69d6c11022126c35f22ab50a,Veggie Bundle #265,3,3,1,Produce
Detroit,2026-04-10 02:34,2026-04-09 16:30,5f766f081673e04ebe6374d2,Unknown,69d6c0e8210ea585afdf9804,Veggie Bundle #264,4,4,1,Produce
Detroit,2026-04-10 02:34,2026-04-09 16:30,5f766f081673e04ebe6374d2,Unknown,69d6c07ebf7488f5b4ef9847,Veggie Bundle #263,5,5,1,Produce
Detroit,2026-04-10 02:34,2026-04-09 16:30,5f766f081673e04ebe6374d2,Unknown,69d54ad1397a6235a9de0e93,Veggie Bundle #129,5,5,1,Produce
Detroit,2026-04-10 02:34,2026-04-09 16:30,5f766f081673e04ebe6374d2,Unknown,69d54abf93a2dc0f3dbc4d5a,Veggie Bundle #128,5,5,1,Produce
Detroit,2026-04-10 02:34,2026-04-09 16:30,5f766f081673e04ebe6374d2,Unknown,69d54ab5397a6235a9de09de,Veggie Bundle #130,5,5,1,Produce
Detroit,2026-04-10 02:34,2026-04-09 16:30,5f766f081673e04ebe6374d2,Unknown,69d54aa993a2dc0f3dbc4a00,Veggie Bundle #127,5,5,1,Produce
Detroit,2026-04-10 02:34,2026-04-09 16:30,5f766f081673e04ebe6374d2,Unknown,69d54a93bc54c5255761a02c,Veggie Bundle #126,5,5,1,Produce
Detroit,2026-04-10 02:34,2026-04-09 16:30,5f766f081673e04ebe6374d2,Unknown,69d54a87bc54c52557619ba3,Veggie Bundle #125,5,5,1,Produce
Detroit,2026-04-10 02:34,2026-04-09 16:30,68cac789765cb78193ff5f26,Unknown,69d6e8a35eac9182ece5bf1e,Goodsam Chips Banana,1.9,3.79,3,Food & Beverage
Detroit,2026-04-10 02:34,2026-04-09 16:30,68cac789765cb78193ff5f26,Unknown,69d6baff206ccee1610a966e,Miss Jones Baking Co. Almond Flour Fudgy Brownie Baking Mix 10.57 oz,4.2,8.39,1,Brands
Detroit,2026-04-10 02:34,2026-04-09 16:30,68cac789765cb78193ff5f26,Unknown,69d6bad4210ea585afde8898,Late July Mild Salsa,3.65,7.29,2,Brands
Detroit,2026-04-10 02:34,2026-04-09 16:30,68cac789765cb78193ff5f26,Unknown,69d6baa922126c35f2296025,Sweet Corn Soup,2.8,5.59,2,Brands
Detroit,2026-04-10 02:34,2026-04-09 16:30,68cac789765cb78193ff5f26,Unknown,69d57240b443b3445da89b73,Green Valley Creamery Lactose Free Organic Cream Cheese 8 oz,1.63,3.26,2,Brands
Detroit,2026-04-10 02:34,2026-04-09 16:30,68cac789765cb78193ff5f26,Unknown,69d57222b443b3445da894ed,Miss Jones Everything Cookie Dough,5.3,10.59,1,Brands
Detroit,2026-04-10 02:34,2026-04-09 16:30,68cac789765cb78193ff5f26,Unknown,69d571e6ba51a01e0949d9d8,Violife 100% Dairy Free Supreme Cream Cheese Alternative 8 oz,3.2,6.39,2,Brands
Detroit,2026-04-10 02:34,2026-04-09 16:30,68cac789765cb78193ff5f26,Unknown,69d571ab93a2dc0f3dc3b49b,Organic Valley Sour Cream,2.9,5.79,1,Brands
Detroit,2026-04-10 02:34,2026-04-09 16:30,68cac789765cb78193ff5f26,Unknown,69d5719bf7bdebc8c061eb66,Franklin Farms Ready To Bake Breakfast Sausage Tofu Kit,2.25,4.49,2,Brands
Detroit,2026-04-10 02:34,2026-04-09 16:30,68cac789765cb78193ff5f26,Unknown,69d5714d09a62900ce1200ad,"Franklin Farms Ready To Bake Lemon Herb, Tofu Kit",2.25,4.49,2,Brands
Detroit,2026-04-10 02:34,2026-04-09 16:30,68cac789765cb78193ff5f26,Unknown,69d52bd6ba51a01e093b807d,salt of the earth  Cookie sandwich Carrot cake,2.6,5.19,6,Food & Beverage
Detroit,2026-04-10 02:34,2026-04-09 16:30,68cac789765cb78193ff5f26,Unknown,69d5200167260ca8a50f6351,Rana Chicken Carbonara Fettuccine 12 oz,4.5,8.99,2,Brands
Detroit,2026-04-10 02:34,2026-04-09 16:30,68cac789765cb78193ff5f26,Unknown,69d417497957984f4495c159,Nature Nates Raw & unfiltered Honey,6.05,12.09,4,Brands
Detroit,2026-04-10 02:34,2026-04-09 16:30,68cac789765cb78193ff5f26,Unknown,69d416fc9016434e7d00de42,Cadia Strawberry Preseve,3.35,6.69,1,Brands
Detroit,2026-04-10 02:34,2026-04-09 16:30,68cac789765cb78193ff5f26,Unknown,69d416b481c54f1c02822161,Heilala Vanilla Paste,11.75,23.49,2,Brands
Detroit,2026-04-10 02:34,2026-04-09 16:30,68cac789765cb78193ff5f26,Unknown,69d416642ad32179d5f5b92b,Crofter's Fruit Spread 10 oz,3.18,6.36,5,Brands
Detroit,2026-04-10 02:34,2026-04-09 16:30,68cac789765cb78193ff5f26,Unknown,69d415faeb2a2f721fbcf201,Crofter's Organic Strawberry Fruit Spread 13 oz,3.9,7.79,1,Brands
Detroit,2026-04-10 02:34,2026-04-09 16:30,68cac789765cb78193ff5f26,Unknown,69d415d2eb2a2f721fbce928,SweetLeaf Water Drops Zero Sugar Raspberry Lemonade Delicious Stevia Water Enhancer 1.62 fl oz,2.95,5.89,2,Brands
Detroit,2026-04-10 02:34,2026-04-09 16:30,68cac789765cb78193ff5f26,Unknown,69d183c80fe927a23c938b85,Rao's Homemade Vodka Arrabbiata Sauce 24 oz,5.6,11.19,4,Brands
Detroit,2026-04-10 02:34,2026-04-09 16:30,68cac789765cb78193ff5f26,Unknown,69cfb48b5bca218144a70d5a,"Strong Roots, Mediterranean Orzo Bake",3.65,7.29,4,Brands
Detroit,2026-04-10 02:34,2026-04-09 16:30,68cac789765cb78193ff5f26,Unknown,69cdab363090f65b97b911ff,Body Iq Euphoria,1.85,3.69,2,Brands
Detroit,2026-04-10 02:34,2026-04-09 16:30,68cac789765cb78193ff5f26,Unknown,69cdab121ac0c5f874fe8254,Body Iq Bliss,1.85,3.69,1,Brands
Detroit,2026-04-10 02:34,2026-04-09 16:30,68cac789765cb78193ff5f26,Unknown,69cdaadab4eced6e6b0901e5,Body Iq Euphoria,1.85,3.69,2,Brands
Detroit,2026-04-10 02:34,2026-04-09 16:30,68cac789765cb78193ff5f26,Unknown,69cdaa2db4eced6e6b08eb28,Dried Pineapple Tidbits,3.18,6.36,3,Brands
Detroit,2026-04-10 02:34,2026-04-09 16:30,68cac789765cb78193ff5f26,Unknown,69cd9dc10d3fe1a06efca922,Bragg Refreshers Organic Concord Grape & Hibiscus Apple Cider Vinegar Beverage 16 fl oz,2.25,4.49,2,Brands
Detroit,2026-04-10 02:34,2026-04-09 16:30,68cac789765cb78193ff5f26,Unknown,69cd9cde3090f65b97b71798,Tru Energy Enhanced Orange Mango Flavored Sparkling Beverage 12 fl oz,1.65,3.29,1,Brands
Detroit,2026-04-10 02:34,2026-04-09 16:30,68cac789765cb78193ff5f26,Unknown,69cd9996b4eced6e6b06b86b,Melting Forest Zero Sugar Mushroom Energy Sparkling Orange Cream Adaptogenic Drink 12 fl oz,2.25,4.49,2,Brands
Detroit,2026-04-10 02:34,2026-04-09 16:30,68cac789765cb78193ff5f26,Unknown,69cd49dd0d3fe1a06eecc554,"Cadia Dish Soap, Free And Clear",3,5.99,4,Brands
Detroit,2026-04-10 02:34,2026-04-09 16:30,68cac789765cb78193ff5f26,Unknown,69cd4984b4eced6e6bf7f4cc,Pure Elizabeth Grain Free Banana Nut Granola,4.9,9.79,3,Brands
Detroit,2026-04-10 02:34,2026-04-09 16:30,68cac789765cb78193ff5f26,Unknown,69ca78093090f65b974b0b4e,"Muir Glen USDA Organic Black Bean and Corn Salsa, 16 oz",3.9,7.79,2,Brands
Detroit,2026-04-10 02:34,2026-04-09 16:30,68cac789765cb78193ff5f26,Unknown,69c2dab995e95b13ada1d304,LUNA Bar - LemonZest Flavor - Gluten Free Snack Bars - Non-GMO - Protein Bars - Made with Organic Oats (1 Count),1.15,2.29,7,Food & Beverage
Detroit,2026-04-10 02:34,2026-04-09 16:30,68cac789765cb78193ff5f26,Unknown,69c2da251f1341c77a41b943,"Annie's Gluten Free Rice Pasta and White Cheddar, Made with Real Cheese, 6 oz",2.6,5.19,4,Brands
Detroit,2026-04-10 02:34,2026-04-09 16:30,68cac789765cb78193ff5f26,Unknown,69bb041063ad412297a1eadc,Coco5 Orange Coconut Water Drink 16.9 fl oz,1.25,2.49,2,Brands
Detroit,2026-04-10 02:34,2026-04-09 16:30,68cac789765cb78193ff5f26,Unknown,69bb02ed34ace9104774b86b,Guru Organic Lite Energy Drink 8.4 fl oz,1.4,2.79,4,Brands
Detroit,2026-04-10 02:34,2026-04-09 16:30,68cac789765cb78193ff5f26,Unknown,69b9882e50cb9f50ed7629cd,Larabar Lemon Fruit & Nut Bar,1.2,2.39,1,Brands
Detroit,2026-04-10 02:34,2026-04-09 16:30,68cac789765cb78193ff5f26,Unknown,69ab4824429312c6707afcaf,Andalou Age Defying Face Mask,1.8,3.59,1,Bath & Beauty
Detroit,2026-04-10 02:34,2026-04-09 16:30,68cac789765cb78193ff5f26,Unknown,698f1f2e2e0c6b02d59f84fb,Pacha Whipped Soap And Scrub,4.95,9.89,3,Bath & Beauty
Detroit,2026-04-10 02:34,2026-04-09 16:30,68cac789765cb78193ff5f26,Unknown,698f1ef81af04775dae0107b,Pacha Whipped Soap And Scrub,5.5,10.99,2,Bath & Beauty
Detroit,2026-04-10 02:34,2026-04-09 16:30,68cac789765cb78193ff5f26,Unknown,698f1ebfb00680d6dddbbace,Pacha Whipped Soap And Scrub,4.93,9.86,1,Bath & Beauty
Detroit,2026-04-10 02:34,2026-04-09 16:30,68cac789765cb78193ff5f26,Unknown,698b3606e5de2b13bba32096,"Cbd Bath Salts, Coconut Lime",20,40,3,Bath & Beauty
Detroit,2026-04-10 02:34,2026-04-09 16:30,68cac789765cb78193ff5f26,Unknown,695ae339169865789d5ea9eb,Pacha Cbd Froth Bomb,9.9,19.79,2,Brands
Detroit,2026-04-10 02:34,2026-04-09 16:30,68cac789765cb78193ff5f26,Unknown,68e0086fdfc6513c850c1298,Baby's Only Organic Sensitive Toddler Drink 12.7 oz,15,26.29,3,Brands
Detroit,2026-04-10 02:34,2026-04-09 16:30,5f766f081673e04ebe6374d9,Unknown,69d6a689f894eba1ea78c7dc,Mixed Produce Bundle #3,5,5,1,Produce
Detroit,2026-04-10 02:34,2026-04-09 16:30,5f766f081673e04ebe6374d9,Unknown,69d6a65f5eac9182ecdb9105,Mixed Produce Bundle #2,5,5,1,Produce
Detroit,2026-04-10 02:34,2026-04-09 16:30,5f766f081673e04ebe6374d9,Unknown,69d53f010ac2bcd40bc41f33,Veggie Bundle #3,5,5,1,Produce
Detroit,2026-04-10 02:34,2026-04-09 16:30,5f766f081673e04ebe6374d9,Unknown,69d53ef816ccd73445f3a4ca,Fruit Bundle #2,5,5,1,Produce
Detroit,2026-04-10 02:34,2026-04-09 16:30,5f766f081673e04ebe6374d9,Unknown,69d53eecf7bdebc8c0576a29,Fruit Bundle #4,5,5,1,Produce
Detroit,2026-04-10 02:34,2026-04-09 16:30,5f766f081673e04ebe6374db,Unknown,69d7cdd2e0e305fa0997b4cb,Veggie Bundle #22,1.89,1.89,1,Produce
Detroit,2026-04-10 02:34,2026-04-09 16:30,5f766f081673e04ebe6374db,Unknown,69d66dba210ea585afcfea66,EBF ORG SNAP PEAS 6 OZ,2.25,4.49,3,Produce
Detroit,2026-04-10 02:34,2026-04-09 16:30,5f766f081673e04ebe6374db,Unknown,69d66c17210ea585afcf8b62,MARZ DIP VEGGIE GARLIC HERB 12 OZ,2.25,4.49,1,Produce
Detroit,2026-04-10 02:34,2026-04-09 16:30,5f766f081673e04ebe6374db,Unknown,69d66ba7f894eba1ea6c2e53,MARZ DIP VEGGIE CRMY STUFFED JALAPENO 12 OZ,2.25,4.49,6,Produce
Detroit,2026-04-10 02:34,2026-04-09 16:30,5f766f081673e04ebe6374db,Unknown,69d63fea854c25a7f5c1e2c4,VEVAN CHEESE CHED SHRED 8 OZ,2.25,4.49,7,Produce
Detroit,2026-04-10 02:34,2026-04-09 16:30,5f766f081673e04ebe6374db,Unknown,69d3eeaf12ff2a5876b82981,LITEHOUSE OPADIPITY DIP CUCUMBER DILL 12 OZ,1.99,3.99,4,Produce
Detroit,2026-04-10 02:34,2026-04-09 16:30,5f766f081673e04ebe6374db,Unknown,69d3ee9681c54f1c027a74b4,MARZ DIP VEGGIE PROTEIN RANCH 12 OZ,2.5,4.99,2,Produce
Detroit,2026-04-10 02:34,2026-04-09 16:30,5f766f081673e04ebe6374db,Unknown,69d3ee0912ff2a5876b8066b,CP DIPPERZ APPLES TART & JIF PNUT BTR 2.75 OZ,0.9,1.79,25,Produce
Detroit,2026-04-10 02:34,2026-04-09 16:30,5f766f081673e04ebe6374db,Unknown,69cff0cc5bca218144af6180,FRANKLIN FARMS TOFU KIT BRKFST SAUSAGE 8.4 OZ,1.99,3.99,6,Produce
Detroit,2026-04-10 02:34,2026-04-09 16:30,5f766f081673e04ebe6374db,Unknown,69ce8b69af00f1d5619e06d4,SUNNY FRUIT ORG DRIED FIGS 5 PK/1.76 OZ,2.74,5.49,3,Produce
Detroit,2026-04-10 02:34,2026-04-09 16:30,5f766f081673e04ebe6374db,Unknown,69c7f40e827a365ed083954a,FG CHERRY WALNUT 3.5 OZ,2.09,4.19,10,Produce
Detroit,2026-04-10 02:34,2026-04-09 16:30,5f766f081673e04ebe6374db,Unknown,69c01f04ccaba74de09e5690,SUNSWEET ONES PRUNES VALUE PACK 12 OZ,3.99,7.99,3,Produce
Detroit,2026-04-10 02:34,2026-04-09 16:30,5f766f081673e04ebe6374db,Unknown,69c01e135f23bfa349d51867,SUNSWEET ONES PRUNES VALUE PACK 12 OZ,3.99,7.99,7,Produce
Detroit,2026-04-10 02:34,2026-04-09 16:30,5f766f081673e04ebe6374db,Unknown,69c00faa1f1341c77af23255,MARIANI PREMIUM PITTED PRUNES 32 OZ,7.5,14.99,3,Produce
Detroit,2026-04-10 02:34,2026-04-09 16:30,5f766f081673e04ebe6374db,Unknown,69a316d905a3271aa505674a,MARZ DRESSING SPICY RANCH 13 OZ,2.39,4.79,2,Produce
Detroit,2026-04-10 02:34,2026-04-09 16:30,5f766f081673e04ebe6374db,Unknown,68bc57f574b31964b67cc64f,NUTTY & FRUITY TAMARIND BITES CHILI 7 OZ,2.49,4.99,2,Produce
Detroit,2026-04-10 02:34,2026-04-09 16:30,5f766f081673e04ebe6374d7,Unknown,69d6b4ee22126c35f2282e6d,Veggie Bundle #2,5,5,1,Produce
Detroit,2026-04-10 02:34,2026-04-09 16:30,5f766f081673e04ebe6374d7,Unknown,69d6b4dfa0feed451401d646,Veggie Bundle #3,5,5,1,Produce
Detroit,2026-04-10 02:34,2026-04-09 16:30,5f766f081673e04ebe6374d7,Unknown,69d6b4c9210ea585afdd5479,Veggie Bundle #9,5,5,1,Produce
Detroit,2026-04-10 02:34,2026-04-09 16:30,5f766f081673e04ebe6374d7,Unknown,69d41c7012ff2a5876c16e19,Mixed Produce Bundle #5,5,5,1,Produce
Detroit,2026-04-10 02:34,2026-04-09 16:30,5f766f081673e04ebe6374d7,Unknown,69d41c5f9016434e7d01f335,Mixed Produce Bundle #4,5,5,1,Produce
Detroit,2026-04-10 02:34,2026-04-09 16:30,5f766f081673e04ebe6374d7,Unknown,69d41c1ccda83383da5d461b,Mixed Produce Bundle #1,5,5,1,Produce
Detroit,2026-04-10 02:34,2026-04-09 16:30,6944a4d129180fee26303bff,Unknown,6974fa8d5e28e9c60ce7d0d1,Ragu Chunky Parmesan & Romano Sauce- 680g,2.8,5.59,2,Grocery
Detroit,2026-04-10 02:34,2026-04-09 16:30,5d9660b46a72371027353a96,Unknown,69d7b632ca5c806c8b26ee64,HODO ORG NUGGETS THAI CURRY 8 OZ,3.5,6.99,3,Produce
Detroit,2026-04-10 02:34,2026-04-09 16:30,5d9660b46a72371027353a96,Unknown,69d7b5e2ca208ab590dcf3c6,TAYLOR FARMS CHOPPED KIT BUFFALO RANCH 13.7 OZ,2.24,4.49,8,Produce
Detroit,2026-04-10 02:34,2026-04-09 16:30,5d9660b46a72371027353a96,Unknown,69d7b5bea8ff9e7e69f582e6,TAYLOR FARMS CHOPPED KIT ASIAGO KALE 9.25 OZ,2.25,4.49,6,Produce
Detroit,2026-04-10 02:34,2026-04-09 16:30,5d9660b46a72371027353a96,Unknown,69d7b5898624a0ffca804bf5,MARZ SD DRESSING CREAMY GREEK TZATZIKI 12 OZ,2.4,4.79,5,Produce
Detroit,2026-04-10 02:34,2026-04-09 16:30,5d9660b46a72371027353a96,Unknown,69d7b2d38624a0ffca7fad5a,MARZ DRESSING BOLD BLUE CHEESE 22 OZ,3.09,6.19,2,Produce
Detroit,2026-04-10 02:34,2026-04-09 16:30,5d9660b46a72371027353a96,Unknown,69d7b2308624a0ffca7f8cc8,MARIES DRESSING VINAIGRETTE BALSAMIC 11.5 OZ,2.35,4.69,2,Produce
Detroit,2026-04-10 02:34,2026-04-09 16:30,5d9660b46a72371027353a96,Unknown,69d7a2bfa8ff9e7e69f1c16f,TWO HEARTED BEER BRATWURST 19 OZ,2.99,5.99,2,Packaged meat
Detroit,2026-04-10 02:34,2026-04-09 16:30,5d9660b46a72371027353a96,Unknown,69d65ca1f7bdebc8c07725ad,FFM SUGAR SNAP PEAS 8 OZ,1.4,2.79,24,Produce
Detroit,2026-04-10 02:34,2026-04-09 16:30,5d9660b46a72371027353a96,Unknown,69d27f827957984f446bfcb2,SKINNY BUTCHERS DIPPERS BUFFALO DIP 3 OZ,1.99,3.99,1,Packaged meat
Detroit,2026-04-10 02:34,2026-04-09 16:30,5d9660b46a72371027353a96,Unknown,699c826c72a4a5ab8d22e82a,BETTYS DRESSING 16 OZ,2.99,5.99,11,Produce
Detroit,2026-04-10 02:34,2026-04-09 16:30,5f766f081673e04ebe6374d6,Unknown,69d7c1008624a0ffca8303a5,Veggie Bundle #3,5,5,1,Produce
Detroit,2026-04-10 02:34,2026-04-09 16:30,5f766f081673e04ebe6374d6,Unknown,69d7c0e8ca208ab590df5ef4,Fruit Bundle #2,5,5,1,Produce
Detroit,2026-04-10 02:34,2026-04-09 16:30,5f766f081673e04ebe6374d6,Unknown,69d7c089a8ff9e7e69f7cc2e,Mixed Produce Bundle #1,5,5,1,Produce
Detroit,2026-04-10 02:34,2026-04-09 16:30,5f766f081673e04ebe6374d6,Unknown,69d7960f0ebf3d2efafae761,Veggie Bundle #6,4,4,1,Produce
Detroit,2026-04-10 02:34,2026-04-09 16:30,5f766f081673e04ebe6374d6,Unknown,69d78eff5700669d46f058f5,Veggie Bundle #2,5,5,1,Produce
Detroit,2026-04-10 02:34,2026-04-09 16:30,5f766f081673e04ebe6374d6,Unknown,69d78ee15700669d46f0565c,Veggie Bundle #1,5,5,1,Produce
Detroit,2026-04-10 02:34,2026-04-09 16:30,5f766f081673e04ebe6374d6,Unknown,69d78ecce0e305fa098a8678,Veggie Bundle #1,5,5,1,Produce
Detroit,2026-04-10 02:34,2026-04-09 16:30,5f766f081673e04ebe6374d6,Unknown,69d6e314f894eba1ea8316ce,FFM ULT BIRTHDAY CAKE COOKIE 20CT,3.39,6.79,3,Bakery
Detroit,2026-04-10 02:34,2026-04-09 16:30,5f766f081673e04ebe6374d6,Unknown,69d6e2fda0feed451407f84a,ACE BAKERY FRENCH LOAF 18.5 OZ,2.39,4.79,1,Bakery
Detroit,2026-04-10 02:34,2026-04-09 16:30,5f766f081673e04ebe6374d6,Unknown,69d6e2d3206ccee16110b932,FFM ULT COOKIES DBL CHOC CHIP 20CT,3.39,6.79,1,Bakery
Detroit,2026-04-10 02:34,2026-04-09 16:30,5f766f081673e04ebe6374d6,Unknown,69d6e2c6f894eba1ea830d18,FFM NO BAKE COOKIE PEANUT BUTTER,2.49,4.99,1,Bakery
Detroit,2026-04-10 02:34,2026-04-09 16:30,5f766f081673e04ebe6374d6,Unknown,69d6e29ebf7488f5b4f477fe,FFM MINI DANISH ASSORTED 10CT,2.49,4.99,1,Bakery
Detroit,2026-04-10 02:34,2026-04-09 16:30,5f766f081673e04ebe6374d6,Unknown,69d6e28d22126c35f23025d8,FFM CAKE DONUT ASSORTED 12CT,2.49,4.99,1,Bakery
Detroit,2026-04-10 02:34,2026-04-09 16:30,5f766f081673e04ebe6374d6,Unknown,69d6e24cbf7488f5b4f46d75,TWO BITE MINI DONUTS SPRING,2.99,5.99,1,Bakery
Detroit,2026-04-10 02:34,2026-04-09 16:30,5f766f081673e04ebe6374d6,Unknown,69d6e23a5eac9182ece5078a,FFM MINI MUFFIN VARIETY PACK 12CT,2.74,5.49,1,Bakery
Detroit,2026-04-10 02:34,2026-04-09 16:30,5f766f081673e04ebe6374d6,Unknown,69d6e221206ccee16110a43c,ST PIERRE BUN BRIOCHE HOTDOG,2.49,4.99,1,Bakery
Detroit,2026-04-10 02:34,2026-04-09 16:30,5f766f081673e04ebe6374d6,Unknown,69d6e20c206ccee16110a186,FFM MINI MUFFIN BLUEBERRY 12CT,2.74,5.49,1,Bakery
Detroit,2026-04-10 02:34,2026-04-09 16:30,5f766f081673e04ebe6374d6,Unknown,69d6e1e4206ccee161109ef0,FFM MUFFIN BLUEBERRY 4CT,2.64,5.29,1,Bakery
